(47.6611, 19.07576)
(47.66063, 19.07512)
(47.66006, 19.07436)
(47.65994, 19.07419)
(47.65971, 19.07388)
(47.65891, 19.0728)
(47.65873, 19.07255)
(47.65868, 19.07248)
(47.65863, 19.07242)
(47.65858, 19.07235)
(47.65851, 19.07227)
(47.65846, 19.07221)
(47.65826, 19.07198)
(47.65818, 19.07188)
(47.65794, 19.0716)
(47.65792, 19.07157)
(47.65782, 19.07146)
(47.65775, 19.07138)
(47.65767, 19.07129)
(47.65759, 19.0712)
(47.65751, 19.0711)
(47.65743, 19.07101)
(47.6573, 19.07086)
(47.65722, 19.07076)
(47.65713, 19.07065)
(47.65699, 19.07049)
(47.6569, 19.07038)
(47.6568, 19.07027)
(47.65666, 19.07011)
(47.65656, 19.06999)
(47.65646, 19.06988)
(47.65632, 19.06971)
(47.65622, 19.06959)
(47.65612, 19.06947)
(47.65602, 19.06936)
(47.65587, 19.06918)
(47.65576, 19.06906)
(47.65566, 19.06894)
(47.65556, 19.06882)
(47.65546, 19.06871)
(47.65535, 19.06859)
(47.6552, 19.0684)
(47.65509, 19.06828)
(47.65499, 19.06816)
(47.65488, 19.06804)
(47.65478, 19.06792)
(47.65467, 19.06779)
(47.65457, 19.06767)
(47.65447, 19.06755)
(47.65437, 19.06744)
(47.65423, 19.06728)
(47.65414, 19.06717)
(47.65406, 19.06707)
(47.65397, 19.06697)
(47.65384, 19.06682)
(47.65375, 19.06672)
(47.65362, 19.06657)
(47.65353, 19.06647)
(47.65345, 19.06636)
(47.65336, 19.06626)
(47.65327, 19.06616)
(47.65313, 19.066)
(47.65304, 19.06589)
(47.65295, 19.06579)
(47.65281, 19.06562)
(47.65272, 19.06552)
(47.65263, 19.06541)
(47.65253, 19.0653)
(47.65244, 19.06519)
(47.65234, 19.06508)
(47.65225, 19.06497)
(47.65222, 19.06493)
(47.65216, 19.06486)
(47.65201, 19.06469)
(47.65192, 19.06459)
(47.65183, 19.06448)
(47.65173, 19.06437)
(47.65164, 19.06426)
(47.65155, 19.06415)
(47.65142, 19.06398)
(47.65133, 19.06387)
(47.65124, 19.06375)
(47.65112, 19.06357)
(47.65103, 19.06345)
(47.65095, 19.06332)
(47.65087, 19.06319)
(47.65067, 19.06285)
(47.65059, 19.06271)
(47.65052, 19.06256)
(47.65045, 19.06242)
(47.65038, 19.06227)
(47.65028, 19.06205)
(47.65021, 19.0619)
(47.65015, 19.06175)
(47.65009, 19.0616)
(47.65003, 19.06144)
(47.64995, 19.06121)
(47.6499, 19.06106)
(47.64985, 19.0609)
(47.6498, 19.06074)
(47.64976, 19.06058)
(47.64971, 19.06041)
(47.64967, 19.06024)
(47.64962, 19.06005)
(47.64956, 19.05976)
(47.64952, 19.05955)
(47.64947, 19.05924)
(47.64944, 19.05903)
(47.64941, 19.05883)
(47.64938, 19.05862)
(47.64936, 19.05841)
(47.64935, 19.05821)
(47.64933, 19.058)
(47.64931, 19.0577)
(47.64931, 19.05749)
(47.6493, 19.05729)
(47.6493, 19.05709)
(47.6493, 19.05688)
(47.64931, 19.05669)
(47.64931, 19.05649)
(47.64932, 19.05622)
(47.64932, 19.05605)
(47.64933, 19.05587)
(47.64933, 19.0557)
(47.64933, 19.05552)
(47.64934, 19.05525)
(47.64935, 19.05507)
(47.64935, 19.05489)
(47.64936, 19.0547)
(47.64936, 19.05452)
(47.64937, 19.05425)
(47.64937, 19.05406)
(47.64938, 19.05388)
(47.64939, 19.0536)
(47.64939, 19.05341)
(47.6494, 19.05323)
(47.6494, 19.05295)
(47.64941, 19.05276)
(47.64941, 19.05258)
(47.64942, 19.05239)
(47.64943, 19.05211)
(47.64943, 19.05192)
(47.64944, 19.05173)
(47.64944, 19.05154)
(47.64945, 19.05125)
(47.64945, 19.05104)
(47.64946, 19.05073)
(47.64947, 19.05052)
(47.64947, 19.05031)
(47.64947, 19.05011)
(47.64947, 19.0499)
(47.64946, 19.04959)
(47.64945, 19.04939)
(47.64944, 19.0492)
(47.64943, 19.049)
(47.64941, 19.04881)
(47.64939, 19.04862)
(47.64937, 19.04843)
(47.64934, 19.04825)
(47.64931, 19.04806)
(47.64926, 19.04778)
(47.64923, 19.0476)
(47.64919, 19.04742)
(47.64915, 19.04724)
(47.64911, 19.04706)
(47.64904, 19.04679)
(47.64899, 19.04662)
(47.64895, 19.04644)
(47.6489, 19.04627)
(47.64885, 19.04609)
(47.6488, 19.04591)
(47.64875, 19.04574)
(47.6487, 19.04556)
(47.64865, 19.04538)
(47.6486, 19.04521)
(47.64855, 19.04503)
(47.64847, 19.04477)
(47.64842, 19.04459)
(47.64837, 19.04441)
(47.64832, 19.04423)
(47.64825, 19.04396)
(47.64819, 19.04378)
(47.64814, 19.0436)
(47.64809, 19.04342)
(47.64801, 19.04314)
(47.64796, 19.04296)
(47.64791, 19.04278)
(47.64786, 19.0426)
(47.64781, 19.04242)
(47.64776, 19.04224)
(47.64771, 19.04206)
(47.64763, 19.04179)
(47.64758, 19.04159)
(47.64752, 19.0414)
(47.64747, 19.04121)
(47.64741, 19.04102)
(47.64736, 19.04084)
(47.64728, 19.04056)
(47.64723, 19.04039)
(47.64718, 19.04021)
(47.64714, 19.04004)
(47.64709, 19.03988)
(47.64704, 19.03971)
(47.64697, 19.03946)
(47.64692, 19.03928)
(47.64688, 19.03911)
(47.64681, 19.03883)
(47.64677, 19.03864)
(47.64673, 19.03844)
(47.64669, 19.03825)
(47.64665, 19.03795)
(47.64663, 19.03776)
(47.64661, 19.03757)
(47.6466, 19.03737)
(47.64659, 19.03718)
(47.64658, 19.03698)
(47.64658, 19.03679)
(47.64658, 19.03659)
(47.64658, 19.03639)
(47.64659, 19.03618)
(47.6466, 19.03599)
(47.64662, 19.03579)
(47.64664, 19.03559)
(47.64668, 19.0353)
(47.64671, 19.03511)
(47.64674, 19.03492)
(47.64677, 19.03473)
(47.6468, 19.03454)
(47.64683, 19.03434)
(47.64685, 19.03415)
(47.64689, 19.03395)
(47.64692, 19.03373)
(47.64694, 19.03353)
(47.64696, 19.03332)
(47.64697, 19.03311)
(47.64696, 19.03291)
(47.64695, 19.03271)
(47.64693, 19.03251)
(47.64689, 19.03232)
(47.64685, 19.03214)
(47.6468, 19.03198)
(47.64675, 19.03183)
(47.64669, 19.0317)
(47.64663, 19.03156)
(47.64657, 19.03144)
(47.6465, 19.03132)
(47.64643, 19.03121)
(47.64634, 19.03109)
(47.64624, 19.03099)
(47.64614, 19.03089)
(47.64604, 19.0308)
(47.64593, 19.03072)
(47.64582, 19.03065)
(47.64571, 19.0306)
(47.64554, 19.03054)
(47.64542, 19.03051)
(47.64528, 19.03049)
(47.64514, 19.03049)
(47.64501, 19.0305)
(47.64481, 19.03055)
(47.64467, 19.03059)
(47.64455, 19.03064)
(47.64442, 19.03069)
(47.64423, 19.03077)
(47.64412, 19.03084)
(47.644, 19.03093)
(47.64389, 19.03102)
(47.64379, 19.03112)
(47.64365, 19.03129)
(47.64356, 19.03142)
(47.64348, 19.03155)
(47.6434, 19.03169)
(47.64333, 19.03182)
(47.64326, 19.03193)
(47.64321, 19.03204)
(47.64313, 19.03217)
(47.64308, 19.03227)
(47.64302, 19.03238)
(47.64296, 19.03248)
(47.6429, 19.03259)
(47.64288, 19.03263)
(47.64284, 19.0327)
(47.64278, 19.03281)
(47.64272, 19.03292)
(47.64266, 19.03303)
(47.64258, 19.03317)
(47.6425, 19.03331)
(47.64242, 19.03346)
(47.64233, 19.03362)
(47.64227, 19.03372)
(47.64221, 19.03382)
(47.64215, 19.03393)
(47.64209, 19.03404)
(47.64199, 19.03421)
(47.64192, 19.03432)
(47.64186, 19.03444)
(47.64179, 19.03456)
(47.64172, 19.03469)
(47.64165, 19.03481)
(47.64158, 19.03494)
(47.64151, 19.03507)
(47.64143, 19.0352)
(47.64136, 19.03533)
(47.64129, 19.03545)
(47.64122, 19.03558)
(47.64115, 19.0357)
(47.64108, 19.03583)
(47.641, 19.03595)
(47.64093, 19.03609)
(47.64084, 19.03622)
(47.64076, 19.03635)
(47.64037, 19.03688)
(47.64026, 19.037)
(47.64016, 19.03712)
(47.64005, 19.03723)
(47.63994, 19.03734)
(47.63983, 19.03744)
(47.63972, 19.03753)
(47.63961, 19.03762)
(47.6395, 19.03771)
(47.63939, 19.03778)
(47.63927, 19.03786)
(47.63915, 19.03794)
(47.63896, 19.03806)
(47.63878, 19.03818)
(47.63865, 19.03826)
(47.63853, 19.03834)
(47.63841, 19.03842)
(47.63829, 19.0385)
(47.63817, 19.03857)
(47.63805, 19.03865)
(47.63788, 19.03876)
(47.63776, 19.03883)
(47.63764, 19.0389)
(47.63752, 19.03898)
(47.6374, 19.03906)
(47.63727, 19.03914)
(47.63714, 19.03923)
(47.63701, 19.0393)
(47.63689, 19.03938)
(47.63676, 19.03946)
(47.63664, 19.03954)
(47.63652, 19.03962)
(47.63633, 19.03972)
(47.6362, 19.03979)
(47.63608, 19.03986)
(47.63595, 19.03992)
(47.63582, 19.03998)
(47.6357, 19.04004)
(47.63557, 19.0401)
(47.63544, 19.04016)
(47.63531, 19.04022)
(47.63518, 19.04028)
(47.63505, 19.04035)
(47.63493, 19.04041)
(47.6348, 19.04047)
(47.63467, 19.04053)
(47.63454, 19.04059)
(47.63441, 19.04065)
(47.63428, 19.04071)
(47.63416, 19.04077)
(47.63403, 19.04083)
(47.6339, 19.04089)
(47.63378, 19.04095)
(47.63365, 19.04101)
(47.63353, 19.04107)
(47.63341, 19.04113)
(47.63329, 19.04119)
(47.63317, 19.04124)
(47.63305, 19.0413)
(47.63293, 19.04136)
(47.63282, 19.04141)
(47.6327, 19.04146)
(47.63253, 19.04155)
(47.6324, 19.04161)
(47.63228, 19.04167)
(47.63215, 19.04173)
(47.63202, 19.04179)
(47.63189, 19.04185)
(47.63176, 19.04191)
(47.63164, 19.04197)
(47.63151, 19.04203)
(47.63139, 19.04209)
(47.63126, 19.04215)
(47.63114, 19.04221)
(47.63101, 19.04227)
(47.63089, 19.04233)
(47.63077, 19.04239)
(47.63065, 19.04244)
(47.63053, 19.0425)
(47.63042, 19.04255)
(47.63031, 19.04261)
(47.63019, 19.04266)
(47.63007, 19.04272)
(47.62995, 19.04277)
(47.62983, 19.04283)
(47.6297, 19.0429)
(47.62957, 19.04296)
(47.62944, 19.04302)
(47.62931, 19.04308)
(47.62919, 19.04314)
(47.62907, 19.04319)
(47.62896, 19.04325)
(47.62885, 19.0433)
(47.62874, 19.04335)
(47.6287, 19.04337)
(47.62863, 19.0434)
(47.62852, 19.04346)
(47.62841, 19.04351)
(47.6283, 19.04356)
(47.62819, 19.04362)
(47.62807, 19.04367)
(47.62796, 19.04372)
(47.62784, 19.04378)
(47.62773, 19.04384)
(47.62761, 19.04389)
(47.62749, 19.04395)
(47.62737, 19.04401)
(47.62725, 19.04406)
(47.62713, 19.04412)
(47.62701, 19.04418)
(47.62689, 19.04423)
(47.62677, 19.04429)
(47.62665, 19.04434)
(47.62653, 19.04439)
(47.6264, 19.04444)
(47.62628, 19.04448)
(47.62615, 19.04452)
(47.62603, 19.04456)
(47.6259, 19.04461)
(47.62578, 19.04465)
(47.62565, 19.04469)
(47.62552, 19.04473)
(47.6254, 19.04477)
(47.62527, 19.04482)
(47.62514, 19.04486)
(47.62501, 19.0449)
(47.62488, 19.04494)
(47.62475, 19.04498)
(47.62462, 19.04503)
(47.62442, 19.04509)
(47.62428, 19.04514)
(47.62414, 19.04519)
(47.62401, 19.04523)
(47.62387, 19.04528)
(47.62373, 19.04533)
(47.6236, 19.04538)
(47.62347, 19.04544)
(47.62334, 19.04551)
(47.62321, 19.04557)
(47.62308, 19.04565)
(47.62296, 19.04572)
(47.62283, 19.0458)
(47.62271, 19.04589)
(47.62259, 19.04598)
(47.62241, 19.04612)
(47.6223, 19.04622)
(47.62218, 19.04633)
(47.62207, 19.04644)
(47.62196, 19.04655)
(47.62185, 19.04667)
(47.62178, 19.04675)
(47.62175, 19.04679)
(47.62164, 19.04691)
(47.62155, 19.04703)
(47.62146, 19.04715)
(47.62138, 19.04726)
(47.6213, 19.04738)
(47.62122, 19.04749)
(47.62114, 19.04761)
(47.62106, 19.04773)
(47.62099, 19.04785)
(47.62091, 19.04797)
(47.62083, 19.04809)
(47.62076, 19.04821)
(47.62068, 19.04834)
(47.6206, 19.04846)
(47.62052, 19.04859)
(47.62044, 19.04871)
(47.62036, 19.04884)
(47.62028, 19.04897)
(47.6202, 19.0491)
(47.62011, 19.04924)
(47.62002, 19.04937)
(47.61993, 19.04951)
(47.61984, 19.04965)
(47.61975, 19.04979)
(47.61965, 19.04993)
(47.61956, 19.05007)
(47.61947, 19.0502)
(47.61937, 19.05034)
(47.61928, 19.05048)
(47.61919, 19.05062)
(47.61909, 19.05076)
(47.61901, 19.0509)
(47.61895, 19.05098)
(47.61872, 19.05135)
(47.61852, 19.05166)
(47.61829, 19.05203)
(47.61812, 19.0523)
(47.61789, 19.05266)
(47.61765, 19.05304)
(47.61744, 19.05338)
(47.61736, 19.05349)
(47.61715, 19.05382)
(47.61706, 19.05394)
(47.61698, 19.05404)
(47.61687, 19.05417)
(47.61677, 19.0543)
(47.61671, 19.05436)
(47.61666, 19.05442)
(47.61657, 19.05452)
(47.61628, 19.05482)
(47.61613, 19.05497)
(47.61545, 19.05567)
(47.6154, 19.05573)
(47.61527, 19.05584)
(47.6152, 19.05591)
(47.61514, 19.05597)
(47.61511, 19.056)
(47.61509, 19.05602)
(47.61507, 19.05603)
(47.61505, 19.05605)
(47.61503, 19.05607)
(47.61501, 19.05608)
(47.61497, 19.05611)
(47.61492, 19.05614)
(47.61487, 19.05618)
(47.61482, 19.05621)
(47.61472, 19.05627)
(47.61464, 19.05632)
(47.61446, 19.05641)
(47.61421, 19.05652)
(47.61391, 19.05665)
(47.61378, 19.05671)
(47.61349, 19.05683)
(47.61348, 19.05684)
(47.61319, 19.05696)
(47.61275, 19.05716)
(47.61262, 19.05721)
(47.61247, 19.05728)
(47.61232, 19.05735)
(47.61212, 19.05745)
(47.61207, 19.05748)
(47.61196, 19.05753)
(47.61186, 19.05759)
(47.61175, 19.05765)
(47.61164, 19.0577)
(47.61153, 19.05776)
(47.61142, 19.05782)
(47.61131, 19.05788)
(47.6112, 19.05794)
(47.61109, 19.058)
(47.61098, 19.05807)
(47.61086, 19.05813)
(47.61075, 19.05819)
(47.61063, 19.05825)
(47.61052, 19.05831)
(47.61041, 19.05837)
(47.61029, 19.05843)
(47.61018, 19.05849)
(47.61006, 19.05855)
(47.60995, 19.0586)
(47.60983, 19.05865)
(47.60965, 19.05871)
(47.60953, 19.05875)
(47.60941, 19.05878)
(47.60928, 19.05882)
(47.60916, 19.05884)
(47.60903, 19.05887)
(47.60891, 19.05888)
(47.60878, 19.0589)
(47.60866, 19.05891)
(47.60853, 19.05891)
(47.6084, 19.05891)
(47.60828, 19.05891)
(47.60815, 19.0589)
(47.60802, 19.05889)
(47.60789, 19.05888)
(47.60776, 19.05886)
(47.60763, 19.05884)
(47.6075, 19.05882)
(47.60737, 19.0588)
(47.60724, 19.05878)
(47.60711, 19.05876)
(47.60698, 19.05874)
(47.60684, 19.05872)
(47.60671, 19.0587)
(47.60628, 19.05863)
(47.60613, 19.05861)
(47.60583, 19.05857)
(47.60561, 19.05853)
(47.60547, 19.05851)
(47.60532, 19.05849)
(47.60518, 19.05847)
(47.60504, 19.05844)
(47.6049, 19.05842)
(47.60468, 19.05839)
(47.60454, 19.05837)
(47.6044, 19.05835)
(47.60426, 19.05833)
(47.60412, 19.0583)
(47.60397, 19.05828)
(47.60383, 19.05826)
(47.60369, 19.05824)
(47.60355, 19.05822)
(47.60342, 19.0582)
(47.6033, 19.05817)
(47.60317, 19.05814)
(47.60305, 19.05811)
(47.60293, 19.05807)
(47.60281, 19.05802)
(47.60269, 19.05796)
(47.60257, 19.0579)
(47.60245, 19.05783)
(47.60233, 19.05775)
(47.60221, 19.05767)
(47.60208, 19.05758)
(47.60196, 19.05749)
(47.60183, 19.0574)
(47.60171, 19.05731)
(47.60159, 19.05723)
(47.60148, 19.05715)
(47.60137, 19.05707)
(47.60126, 19.05699)
(47.60116, 19.05691)
(47.60105, 19.05684)
(47.60094, 19.05676)
(47.60083, 19.05668)
(47.60073, 19.0566)
(47.60061, 19.05652)
(47.6005, 19.05644)
(47.60039, 19.05636)
(47.60027, 19.05628)
(47.60016, 19.0562)
(47.60004, 19.05611)
(47.59993, 19.05603)
(47.59981, 19.05594)
(47.59969, 19.05586)
(47.59957, 19.05577)
(47.59945, 19.05568)
(47.59932, 19.05559)
(47.5992, 19.05551)
(47.59907, 19.05542)
(47.59895, 19.05533)
(47.59883, 19.05524)
(47.59872, 19.05516)
(47.59855, 19.05504)
(47.59845, 19.05496)
(47.59835, 19.05489)
(47.59825, 19.05482)
(47.59815, 19.05475)
(47.59807, 19.05469)
(47.59805, 19.05468)
(47.59795, 19.05461)
(47.59785, 19.05453)
(47.59774, 19.05446)
(47.59764, 19.05438)
(47.59753, 19.05431)
(47.59743, 19.05423)
(47.59732, 19.05415)
(47.59721, 19.05408)
(47.59711, 19.054)
(47.597, 19.05391)
(47.59689, 19.05383)
(47.59679, 19.05374)
(47.59668, 19.05365)
(47.59657, 19.05356)
(47.59646, 19.05347)
(47.59635, 19.05338)
(47.59624, 19.05329)
(47.59613, 19.05321)
(47.59601, 19.05312)
(47.5959, 19.05303)
(47.59579, 19.05295)
(47.59567, 19.05286)
(47.59556, 19.05278)
(47.59546, 19.0527)
(47.59536, 19.05263)
(47.59524, 19.05254)
(47.59515, 19.05247)
(47.59507, 19.0524)
(47.59498, 19.05234)
(47.5949, 19.05228)
(47.59482, 19.05222)
(47.59472, 19.05214)
(47.59463, 19.05208)
(47.59452, 19.05199)
(47.59441, 19.05191)
(47.5943, 19.05183)
(47.59418, 19.05174)
(47.59407, 19.05165)
(47.59395, 19.05157)
(47.59384, 19.05148)
(47.59372, 19.05139)
(47.5936, 19.0513)
(47.59348, 19.05121)
(47.59336, 19.05112)
(47.59324, 19.05103)
(47.59312, 19.05094)
(47.59301, 19.05085)
(47.59289, 19.05077)
(47.59279, 19.05068)
(47.59268, 19.05061)
(47.59258, 19.05053)
(47.59249, 19.05045)
(47.59239, 19.05037)
(47.59229, 19.05028)
(47.5922, 19.05018)
(47.59211, 19.05008)
(47.59202, 19.04997)
(47.59193, 19.04985)
(47.59184, 19.04973)
(47.59175, 19.0496)
(47.59167, 19.04947)
(47.59158, 19.04934)
(47.59149, 19.0492)
(47.5914, 19.04908)
(47.5913, 19.04896)
(47.5912, 19.04884)
(47.59109, 19.04873)
(47.59098, 19.04863)
(47.59087, 19.04853)
(47.59075, 19.04844)
(47.59063, 19.04835)
(47.59052, 19.04827)
(47.59041, 19.04819)
(47.59031, 19.04811)
(47.59021, 19.04804)
(47.59011, 19.04797)
(47.59, 19.04789)
(47.5899, 19.04781)
(47.58979, 19.04773)
(47.58968, 19.04766)
(47.58958, 19.04758)
(47.58947, 19.0475)
(47.58936, 19.04741)
(47.58925, 19.04733)
(47.58913, 19.04725)
(47.58902, 19.04717)
(47.58891, 19.04708)
(47.58879, 19.047)
(47.58867, 19.04691)
(47.58856, 19.04682)
(47.58844, 19.04674)
(47.58832, 19.04665)
(47.5882, 19.04656)
(47.58807, 19.04647)
(47.58795, 19.04638)
(47.58783, 19.04629)
(47.58771, 19.0462)
(47.58758, 19.04611)
(47.58746, 19.04602)
(47.58733, 19.04593)
(47.58721, 19.04584)
(47.58709, 19.04575)
(47.58696, 19.04565)
(47.58684, 19.04556)
(47.58676, 19.0455)
(47.58671, 19.04547)
(47.58659, 19.04538)
(47.58646, 19.04529)
(47.58634, 19.0452)
(47.58623, 19.04512)
(47.58612, 19.04504)
(47.58602, 19.04496)
(47.58593, 19.0449)
(47.58584, 19.04483)
(47.58575, 19.04477)
(47.58567, 19.0447)
(47.58558, 19.04464)
(47.58548, 19.04458)
(47.58539, 19.04453)
(47.58529, 19.04448)
(47.5852, 19.04444)
(47.58509, 19.04441)
(47.58499, 19.04438)
(47.58489, 19.04436)
(47.58478, 19.04434)
(47.58467, 19.04434)
(47.58456, 19.04434)
(47.58444, 19.04435)
(47.58433, 19.04436)
(47.58422, 19.04439)
(47.5841, 19.04441)
(47.58399, 19.04445)
(47.58388, 19.04449)
(47.58377, 19.04454)
(47.58356, 19.04465)
(47.58346, 19.04471)
(47.58336, 19.04478)
(47.58326, 19.04486)
(47.58316, 19.04494)
(47.58306, 19.04502)
(47.58296, 19.0451)
(47.58286, 19.04519)
(47.58276, 19.04527)
(47.58266, 19.04536)
(47.58256, 19.04545)
(47.58245, 19.04554)
(47.58235, 19.04563)
(47.58224, 19.04572)
(47.58214, 19.04581)
(47.58203, 19.0459)
(47.58192, 19.04599)
(47.58181, 19.04609)
(47.5817, 19.04618)
(47.58159, 19.04628)
(47.58148, 19.04637)
(47.58137, 19.04647)
(47.58125, 19.04657)
(47.58114, 19.04666)
(47.58102, 19.04676)
(47.58091, 19.04686)
(47.58079, 19.04696)
(47.58067, 19.04707)
(47.58055, 19.04717)
(47.58043, 19.04727)
(47.58031, 19.04737)
(47.58019, 19.04748)
(47.58007, 19.04758)
(47.57995, 19.04769)
(47.57983, 19.04779)
(47.57972, 19.04788)
(47.5796, 19.04798)
(47.57949, 19.04807)
(47.57938, 19.04817)
(47.57926, 19.04826)
(47.57914, 19.04834)
(47.57902, 19.04842)
(47.5789, 19.04849)
(47.57877, 19.04856)
(47.57865, 19.04862)
(47.57852, 19.04867)
(47.57839, 19.04871)
(47.57825, 19.04875)
(47.57812, 19.04878)
(47.57799, 19.0488)
(47.57787, 19.04882)
(47.57775, 19.04883)
(47.57763, 19.04883)
(47.57751, 19.04883)
(47.57739, 19.04882)
(47.57727, 19.04881)
(47.57714, 19.04879)
(47.57701, 19.04877)
(47.57688, 19.04875)
(47.57675, 19.04873)
(47.57662, 19.04871)
(47.57649, 19.04869)
(47.57635, 19.04867)
(47.57622, 19.04865)
(47.5761, 19.04863)
(47.57598, 19.04862)
(47.57587, 19.0486)
(47.57578, 19.04859)
(47.5757, 19.04858)
(47.57565, 19.04857)
(47.57553, 19.04855)
(47.57544, 19.04854)
(47.57534, 19.04852)
(47.57523, 19.04851)
(47.57512, 19.04849)
(47.57503, 19.04848)
(47.57493, 19.04846)
(47.57483, 19.04845)
(47.57473, 19.04844)
(47.57462, 19.04842)
(47.5745, 19.0484)
(47.57438, 19.04839)
(47.57425, 19.04837)
(47.57412, 19.04835)
(47.57399, 19.04833)
(47.57386, 19.04831)
(47.57373, 19.04829)
(47.5736, 19.04827)
(47.57347, 19.04826)
(47.57334, 19.04824)
(47.5732, 19.04822)
(47.57307, 19.0482)
(47.57293, 19.04818)
(47.5728, 19.04816)
(47.57266, 19.04814)
(47.57254, 19.04811)
(47.57242, 19.04808)
(47.5723, 19.04805)
(47.57218, 19.04802)
(47.57205, 19.04799)
(47.57193, 19.04797)
(47.57181, 19.04794)
(47.57168, 19.04791)
(47.57155, 19.04788)
(47.57142, 19.04787)
(47.57129, 19.04785)
(47.57116, 19.04785)
(47.57103, 19.04785)
(47.57077, 19.04787)
(47.57043, 19.04794)
(47.57031, 19.04797)
(47.57019, 19.04799)
(47.57007, 19.04802)
(47.56994, 19.04805)
(47.56982, 19.04807)
(47.56969, 19.0481)
(47.56956, 19.04813)
(47.56944, 19.04816)
(47.56931, 19.04819)
(47.56918, 19.04821)
(47.56904, 19.04824)
(47.56891, 19.04827)
(47.56878, 19.04831)
(47.56865, 19.04835)
(47.56851, 19.0484)
(47.56838, 19.04845)
(47.56825, 19.0485)
(47.56813, 19.04855)
(47.56801, 19.0486)
(47.5679, 19.04864)
(47.5678, 19.04868)
(47.56771, 19.04871)
(47.5676, 19.04874)
(47.5675, 19.04877)
(47.56747, 19.04878)
(47.56741, 19.04879)
(47.56731, 19.04881)
(47.5672, 19.04883)
(47.5671, 19.04885)
(47.56697, 19.04887)
(47.56687, 19.04887)
(47.56677, 19.04888)
(47.56665, 19.04889)
(47.56639, 19.04889)
(47.56625, 19.04888)
(47.56593, 19.04883)
(47.5658, 19.04881)
(47.56568, 19.04878)
(47.56555, 19.04874)
(47.56542, 19.04871)
(47.5653, 19.04866)
(47.56517, 19.04862)
(47.56504, 19.04857)
(47.56492, 19.04853)
(47.56479, 19.04848)
(47.56466, 19.04843)
(47.56453, 19.04838)
(47.5644, 19.04833)
(47.56427, 19.04829)
(47.56415, 19.04824)
(47.56403, 19.0482)
(47.56392, 19.04815)
(47.5638, 19.04811)
(47.56368, 19.04807)
(47.56356, 19.04802)
(47.56344, 19.04798)
(47.56332, 19.04793)
(47.56319, 19.04789)
(47.56307, 19.04784)
(47.56294, 19.04779)
(47.56282, 19.04775)
(47.56269, 19.0477)
(47.56256, 19.04765)
(47.56243, 19.0476)
(47.5623, 19.04755)
(47.56217, 19.04751)
(47.56204, 19.04746)
(47.56192, 19.04741)
(47.5618, 19.04737)
(47.56168, 19.04733)
(47.56157, 19.04728)
(47.56146, 19.04724)
(47.56134, 19.0472)
(47.56123, 19.04716)
(47.56111, 19.04711)
(47.56099, 19.04707)
(47.56087, 19.04703)
(47.56075, 19.04698)
(47.56063, 19.04693)
(47.5605, 19.04689)
(47.56037, 19.04684)
(47.56025, 19.04679)
(47.56012, 19.04675)
(47.56001, 19.0467)
(47.55989, 19.04666)
(47.55977, 19.04662)
(47.55965, 19.04657)
(47.55953, 19.04653)
(47.55941, 19.04648)
(47.55929, 19.04644)
(47.55916, 19.04639)
(47.55903, 19.04634)
(47.5589, 19.0463)
(47.55877, 19.04625)
(47.55864, 19.0462)
(47.55851, 19.04615)
(47.55838, 19.0461)
(47.55825, 19.04605)
(47.55813, 19.04601)
(47.55801, 19.04596)
(47.5579, 19.04592)
(47.55778, 19.04587)
(47.55767, 19.04582)
(47.55755, 19.04576)
(47.55744, 19.0457)
(47.55732, 19.04563)
(47.5572, 19.04556)
(47.55708, 19.04549)
(47.55695, 19.04541)
(47.55683, 19.04533)
(47.55676, 19.04528)
(47.55672, 19.04525)
(47.5566, 19.04518)
(47.55649, 19.04511)
(47.55639, 19.04505)
(47.55629, 19.04499)
(47.5562, 19.04494)
(47.55609, 19.04489)
(47.55598, 19.04484)
(47.55588, 19.04481)
(47.55579, 19.04478)
(47.5557, 19.04475)
(47.5556, 19.04472)
(47.55548, 19.0447)
(47.55535, 19.04467)
(47.55526, 19.04466)
(47.55516, 19.04465)
(47.5549, 19.04465)
(47.5547, 19.04466)
(47.55457, 19.04467)
(47.55444, 19.0447)
(47.55431, 19.04472)
(47.55392, 19.04488)
(47.55379, 19.04494)
(47.55366, 19.04501)
(47.55353, 19.04508)
(47.5534, 19.04517)
(47.55327, 19.04526)
(47.55315, 19.04535)
(47.55302, 19.04544)
(47.5529, 19.04554)
(47.55278, 19.04563)
(47.55266, 19.04572)
(47.55254, 19.04581)
(47.55242, 19.0459)
(47.5523, 19.04599)
(47.55218, 19.04608)
(47.55206, 19.04616)
(47.55195, 19.04625)
(47.55188, 19.0463)
(47.55184, 19.04633)
(47.55174, 19.0464)
(47.55166, 19.04647)
(47.55155, 19.04655)
(47.55146, 19.04662)
(47.55136, 19.04669)
(47.55127, 19.04676)
(47.55117, 19.04683)
(47.55108, 19.0469)
(47.55097, 19.04699)
(47.55088, 19.04705)
(47.55078, 19.04713)
(47.55066, 19.04721)
(47.55055, 19.04728)
(47.55044, 19.04735)
(47.55032, 19.04741)
(47.5502, 19.04747)
(47.55009, 19.04752)
(47.54997, 19.04756)
(47.54985, 19.0476)
(47.54973, 19.04763)
(47.54962, 19.04766)
(47.5495, 19.04769)
(47.54938, 19.0477)
(47.54926, 19.04772)
(47.54913, 19.04773)
(47.54901, 19.04773)
(47.54888, 19.04774)
(47.54876, 19.04774)
(47.54863, 19.04775)
(47.5485, 19.04775)
(47.54837, 19.04774)
(47.54824, 19.04774)
(47.54811, 19.04773)
(47.54798, 19.04772)
(47.54785, 19.04771)
(47.54772, 19.0477)
(47.5476, 19.04768)
(47.54748, 19.04765)
(47.54736, 19.04762)
(47.54724, 19.04758)
(47.54712, 19.04753)
(47.547, 19.04748)
(47.54688, 19.04743)
(47.54676, 19.04737)
(47.54664, 19.04732)
(47.54651, 19.04726)
(47.54639, 19.04721)
(47.54626, 19.04716)
(47.54614, 19.0471)
(47.54601, 19.04706)
(47.54588, 19.04701)
(47.54575, 19.04697)
(47.54561, 19.04694)
(47.54548, 19.04691)
(47.54534, 19.04689)
(47.5452, 19.04687)
(47.54507, 19.04686)
(47.54493, 19.04685)
(47.54479, 19.04685)
(47.54466, 19.04685)
(47.54454, 19.04684)
(47.54442, 19.04684)
(47.54431, 19.04684)
(47.54419, 19.04684)
(47.54407, 19.04683)
(47.54395, 19.04683)
(47.54383, 19.04683)
(47.5437, 19.04683)
(47.54358, 19.04682)
(47.54345, 19.04682)
(47.54332, 19.04682)
(47.54319, 19.04682)
(47.54306, 19.04682)
(47.54293, 19.04683)
(47.5428, 19.04684)
(47.54266, 19.04685)
(47.54252, 19.04686)
(47.54239, 19.04688)
(47.54225, 19.0469)
(47.54211, 19.04692)
(47.54197, 19.04694)
(47.54183, 19.04697)
(47.54168, 19.04699)
(47.54154, 19.04701)
(47.54141, 19.04703)
(47.54127, 19.04705)
(47.54114, 19.04707)
(47.54101, 19.04709)
(47.54089, 19.0471)
(47.54078, 19.0471)
(47.54066, 19.04711)
(47.54055, 19.04712)
(47.54043, 19.04712)
(47.54031, 19.04713)
(47.54018, 19.04714)
(47.54006, 19.04714)
(47.53994, 19.04715)
(47.53983, 19.04716)
(47.5397, 19.04717)
(47.53886, 19.04721)
(47.53875, 19.04722)
(47.53864, 19.04723)
(47.53852, 19.04723)
(47.53839, 19.04723)
(47.53824, 19.04724)
(47.53809, 19.04723)
(47.53794, 19.04723)
(47.5378, 19.04721)
(47.53765, 19.0472)
(47.5375, 19.04717)
(47.53736, 19.04714)
(47.53722, 19.04711)
(47.53708, 19.04708)
(47.53693, 19.04704)
(47.5368, 19.047)
(47.53667, 19.04696)
(47.53654, 19.04692)
(47.53642, 19.04688)
(47.5363, 19.04684)
(47.53618, 19.04679)
(47.53606, 19.04673)
(47.53595, 19.04666)
(47.53583, 19.04659)
(47.53572, 19.0465)
(47.53561, 19.0464)
(47.5355, 19.0463)
(47.53539, 19.04618)
(47.53528, 19.04606)
(47.53518, 19.04594)
(47.53508, 19.04581)
(47.53499, 19.0457)
(47.5349, 19.04559)
(47.5348, 19.04548)
(47.53471, 19.04538)
(47.53461, 19.04528)
(47.53451, 19.04518)
(47.53441, 19.04508)
(47.53431, 19.04498)
(47.5342, 19.04488)
(47.5341, 19.04478)
(47.53399, 19.04468)
(47.53391, 19.0446)
(47.53389, 19.04458)
(47.53378, 19.04447)
(47.53367, 19.04437)
(47.53329, 19.04399)
(47.53317, 19.04389)
(47.53306, 19.04377)
(47.53294, 19.04366)
(47.53283, 19.04355)
(47.53272, 19.04344)
(47.53261, 19.04334)
(47.5325, 19.04324)
(47.53239, 19.04314)
(47.53229, 19.04304)
(47.53218, 19.04295)
(47.53207, 19.04286)
(47.53185, 19.04268)
(47.53174, 19.04259)
(47.53162, 19.0425)
(47.53151, 19.04241)
(47.5305, 19.04165)
(47.53037, 19.04156)
(47.53024, 19.04148)
(47.53011, 19.04139)
(47.52999, 19.04131)
(47.52986, 19.04123)
(47.52974, 19.04115)
(47.52963, 19.04108)
(47.52952, 19.041)
(47.52941, 19.04094)
(47.5293, 19.04087)
(47.52919, 19.04081)
(47.52908, 19.04076)
(47.52867, 19.0406)
(47.52854, 19.04056)
(47.52842, 19.04052)
(47.5283, 19.04048)
(47.52817, 19.04044)
(47.52805, 19.0404)
(47.52792, 19.04036)
(47.52779, 19.04032)
(47.52767, 19.04028)
(47.52754, 19.04024)
(47.52741, 19.0402)
(47.52728, 19.04016)
(47.52726, 19.04015)
(47.52715, 19.04012)
(47.52703, 19.04008)
(47.52692, 19.04004)
(47.52681, 19.04001)
(47.52671, 19.03998)
(47.52662, 19.03995)
(47.52652, 19.03992)
(47.52613, 19.03979)
(47.52602, 19.03975)
(47.5259, 19.0397)
(47.52579, 19.03966)
(47.52567, 19.03962)
(47.52555, 19.03958)
(47.52543, 19.03953)
(47.52531, 19.03949)
(47.52519, 19.03944)
(47.52507, 19.0394)
(47.52494, 19.03935)
(47.52482, 19.0393)
(47.52471, 19.03925)
(47.52459, 19.0392)
(47.52448, 19.03916)
(47.52437, 19.03911)
(47.52425, 19.03906)
(47.52414, 19.03901)
(47.5239, 19.03891)
(47.52378, 19.03887)
(47.52366, 19.03882)
(47.52354, 19.03878)
(47.52342, 19.03874)
(47.5233, 19.0387)
(47.52318, 19.03867)
(47.52305, 19.03863)
(47.52292, 19.0386)
(47.52279, 19.03857)
(47.52266, 19.03854)
(47.52253, 19.03852)
(47.5224, 19.03849)
(47.52227, 19.03847)
(47.52213, 19.03845)
(47.522, 19.03844)
(47.52186, 19.03842)
(47.52173, 19.03841)
(47.52159, 19.0384)
(47.52145, 19.03839)
(47.52132, 19.03839)
(47.52119, 19.03838)
(47.52107, 19.03838)
(47.52095, 19.03838)
(47.52083, 19.03839)
(47.52072, 19.03839)
(47.52069, 19.03839)
(47.52064, 19.03839)
(47.52033, 19.03842)
(47.52014, 19.03843)
(47.51985, 19.0385)
(47.51967, 19.03856)
(47.51943, 19.03862)
(47.51943, 19.03862)
(47.51713, 19.03923)
(47.51655, 19.03941)
(47.51651, 19.03943)
(47.51645, 19.03944)
(47.5164, 19.03945)
(47.51635, 19.03946)
(47.51628, 19.03947)
(47.51621, 19.03948)
(47.51616, 19.03948)
(47.5161, 19.03948)
(47.51604, 19.03948)
(47.51597, 19.03947)
(47.51576, 19.03945)
(47.51552, 19.03943)
(47.51532, 19.03941)
(47.51525, 19.0394)
(47.51517, 19.03939)
(47.51507, 19.03939)
(47.51503, 19.03938)
(47.51496, 19.03937)
(47.51488, 19.03937)
(47.5148, 19.03937)
(47.51473, 19.03937)
(47.51465, 19.03938)
(47.51451, 19.0394)
(47.51438, 19.03942)
(47.51423, 19.03945)
(47.51412, 19.03948)
(47.51398, 19.03951)
(47.51394, 19.03952)
(47.51351, 19.03957)
(47.51342, 19.03956)
(47.51331, 19.03956)
(47.5132, 19.03954)
(47.51305, 19.03953)
(47.51266, 19.03951)
(47.51234, 19.03949)
(47.5117, 19.03944)
(47.51143, 19.03944)
(47.51123, 19.03944)
(47.51084, 19.03943)
(47.51052, 19.03943)
(47.51026, 19.03943)
(47.50949, 19.03941)
(47.50921, 19.03941)
(47.50843, 19.0394)
(47.50808, 19.0394)
(47.50784, 19.0394)
(47.50745, 19.0394)
(47.50713, 19.03941)
(47.50667, 19.03941)