(47.46591, 19.07757)
(47.46557, 19.07785)
(47.46551, 19.0779)
(47.46544, 19.07796)
(47.46537, 19.07801)
(47.46528, 19.07807)
(47.46515, 19.07815)
(47.46492, 19.07832)
(47.46471, 19.07849)
(47.46451, 19.07867)
(47.46447, 19.07869)
(47.46432, 19.07882)
(47.46428, 19.07885)
(47.46418, 19.07894)
(47.46408, 19.07903)
(47.46397, 19.07911)
(47.46386, 19.0792)
(47.46376, 19.07929)
(47.46365, 19.07938)
(47.46354, 19.07947)
(47.46343, 19.07956)
(47.46332, 19.07965)
(47.46322, 19.07974)
(47.46312, 19.07982)
(47.46302, 19.0799)
(47.46293, 19.07997)
(47.46285, 19.08005)
(47.46276, 19.08012)
(47.46267, 19.08019)
(47.46258, 19.08027)
(47.46249, 19.08034)
(47.4624, 19.08042)
(47.46231, 19.08049)
(47.46222, 19.08057)
(47.46213, 19.08064)
(47.46203, 19.08072)
(47.46194, 19.0808)
(47.46184, 19.08088)
(47.46175, 19.08096)
(47.46165, 19.08104)
(47.46156, 19.08112)
(47.46146, 19.0812)
(47.46136, 19.08128)
(47.46126, 19.08137)
(47.46116, 19.08145)
(47.46106, 19.08153)
(47.46096, 19.08161)
(47.46086, 19.0817)
(47.46076, 19.08178)
(47.46066, 19.08187)
(47.46055, 19.08195)
(47.46045, 19.08204)
(47.46035, 19.08213)
(47.46024, 19.08221)
(47.46014, 19.0823)
(47.46003, 19.08239)
(47.45993, 19.08247)
(47.45982, 19.08256)
(47.45972, 19.08265)
(47.45961, 19.08274)
(47.4595, 19.08283)
(47.4594, 19.08292)
(47.45929, 19.08301)
(47.45918, 19.0831)
(47.45907, 19.08319)
(47.45896, 19.08328)
(47.45885, 19.08337)
(47.45874, 19.08346)
(47.45863, 19.08355)
(47.45852, 19.08365)
(47.4584, 19.08374)
(47.45829, 19.08383)
(47.45818, 19.08393)
(47.45806, 19.08402)
(47.45795, 19.08412)
(47.45783, 19.08422)
(47.45772, 19.08431)
(47.4576, 19.08441)
(47.45748, 19.08451)
(47.45736, 19.08461)
(47.45725, 19.0847)
(47.45714, 19.08479)
(47.45703, 19.08488)
(47.45692, 19.08497)
(47.45682, 19.08506)
(47.45671, 19.08514)
(47.45661, 19.08523)
(47.4565, 19.08532)
(47.4564, 19.08541)
(47.45629, 19.0855)
(47.45619, 19.08559)
(47.45608, 19.08568)
(47.45597, 19.08576)
(47.45586, 19.08585)
(47.45575, 19.08595)
(47.45564, 19.08604)
(47.45553, 19.08612)
(47.45542, 19.08621)
(47.45531, 19.0863)
(47.45519, 19.08638)
(47.45508, 19.08646)
(47.45498, 19.08653)
(47.45496, 19.08654)
(47.45485, 19.08662)
(47.45473, 19.08669)
(47.45461, 19.08676)
(47.4545, 19.08682)
(47.4544, 19.08688)
(47.45429, 19.08694)
(47.45419, 19.08699)
(47.45409, 19.08705)
(47.45399, 19.08711)
(47.45389, 19.08716)
(47.45379, 19.08722)
(47.45369, 19.08728)
(47.45359, 19.08733)
(47.45348, 19.08739)
(47.45338, 19.08745)
(47.45328, 19.08751)
(47.45317, 19.08756)
(47.45307, 19.08762)
(47.45296, 19.08768)
(47.45286, 19.08774)
(47.45275, 19.08779)
(47.45265, 19.08785)
(47.45255, 19.08791)
(47.45244, 19.08797)
(47.45234, 19.08803)
(47.45224, 19.08808)
(47.45213, 19.08814)
(47.45203, 19.0882)
(47.45192, 19.08826)
(47.45182, 19.08831)
(47.45172, 19.08837)
(47.45161, 19.08843)
(47.45151, 19.08849)
(47.45141, 19.08855)
(47.4513, 19.0886)
(47.4512, 19.08866)
(47.4511, 19.08872)
(47.45099, 19.08878)
(47.45089, 19.08883)
(47.45079, 19.08889)
(47.45068, 19.08895)
(47.45058, 19.089)
(47.45048, 19.08906)
(47.45037, 19.08912)
(47.45027, 19.08918)
(47.45016, 19.08924)
(47.45006, 19.0893)
(47.44995, 19.08936)
(47.44984, 19.08941)
(47.44974, 19.08947)
(47.44963, 19.08953)
(47.44952, 19.08959)
(47.44942, 19.08965)
(47.44931, 19.08971)
(47.4492, 19.08977)
(47.4491, 19.08983)
(47.44899, 19.08989)
(47.44888, 19.08995)
(47.44878, 19.09001)
(47.44867, 19.09007)
(47.44856, 19.09013)
(47.44845, 19.09019)
(47.44834, 19.09025)
(47.44823, 19.09031)
(47.44812, 19.09037)
(47.44801, 19.09043)
(47.4479, 19.09049)
(47.44779, 19.09055)
(47.44768, 19.09062)
(47.44757, 19.09068)
(47.44747, 19.09074)
(47.44736, 19.0908)
(47.44725, 19.09086)
(47.44714, 19.09092)
(47.44703, 19.09098)
(47.44692, 19.09104)
(47.44681, 19.0911)
(47.4467, 19.09116)
(47.44659, 19.09123)
(47.44648, 19.09129)
(47.44637, 19.09135)
(47.44626, 19.09141)
(47.44615, 19.09147)
(47.44604, 19.09153)
(47.44593, 19.09159)
(47.44582, 19.09165)
(47.44571, 19.09171)
(47.4456, 19.09177)
(47.44549, 19.09184)
(47.44538, 19.0919)
(47.44527, 19.09196)
(47.44516, 19.09202)
(47.44505, 19.09208)
(47.44493, 19.09214)
(47.44482, 19.09221)
(47.4447, 19.09228)
(47.44458, 19.09234)
(47.44446, 19.09241)
(47.44435, 19.09247)
(47.44424, 19.09253)
(47.44413, 19.09258)
(47.44402, 19.09264)
(47.44391, 19.09269)
(47.4438, 19.09274)
(47.44368, 19.09278)
(47.44357, 19.09281)
(47.44345, 19.09284)
(47.44332, 19.09287)
(47.4432, 19.09289)
(47.44307, 19.09292)
(47.44296, 19.09294)
(47.44285, 19.09296)
(47.44275, 19.09297)
(47.44261, 19.093)
(47.44248, 19.09302)
(47.44239, 19.09304)
(47.44229, 19.09306)
(47.44218, 19.09308)
(47.44207, 19.0931)
(47.44196, 19.09312)
(47.44184, 19.09314)
(47.44171, 19.09316)
(47.44159, 19.09318)
(47.44147, 19.0932)
(47.44134, 19.09321)
(47.44122, 19.09322)
(47.4411, 19.09324)
(47.44098, 19.09325)
(47.44086, 19.09326)
(47.44074, 19.09327)
(47.44062, 19.09328)
(47.44049, 19.09329)
(47.44037, 19.0933)
(47.44025, 19.09332)
(47.44013, 19.09333)
(47.44001, 19.09334)
(47.43989, 19.09335)
(47.43976, 19.09336)
(47.43963, 19.09337)
(47.4395, 19.09339)
(47.43937, 19.0934)
(47.43924, 19.09341)
(47.43911, 19.09342)
(47.43899, 19.09343)
(47.43888, 19.09344)
(47.43877, 19.09345)
(47.43866, 19.09346)
(47.43855, 19.09347)
(47.43844, 19.0935)
(47.43833, 19.09354)
(47.43822, 19.09359)
(47.43811, 19.09366)
(47.438, 19.09372)
(47.4379, 19.09379)
(47.43779, 19.09386)
(47.43768, 19.09393)
(47.43757, 19.09401)
(47.43746, 19.09408)
(47.43658, 19.09465)
(47.43647, 19.09472)
(47.43636, 19.09479)
(47.43625, 19.09486)
(47.43615, 19.09494)
(47.43604, 19.09502)
(47.43594, 19.09511)
(47.43584, 19.0952)
(47.43574, 19.0953)
(47.43563, 19.0954)
(47.43553, 19.09551)
(47.43543, 19.09562)
(47.43533, 19.09573)
(47.43523, 19.09584)
(47.43513, 19.09595)
(47.43504, 19.09605)
(47.43495, 19.09615)
(47.43486, 19.09625)
(47.43478, 19.09634)
(47.43469, 19.09644)
(47.4346, 19.09653)
(47.43451, 19.09663)
(47.43443, 19.09673)
(47.43434, 19.09682)
(47.43425, 19.09692)
(47.43416, 19.09702)
(47.43407, 19.09712)
(47.43398, 19.09722)
(47.43389, 19.09732)
(47.43379, 19.09742)
(47.4337, 19.09752)
(47.43361, 19.09762)
(47.43352, 19.09772)
(47.43342, 19.09783)
(47.43333, 19.09793)
(47.43323, 19.09804)
(47.43313, 19.09815)
(47.43304, 19.09825)
(47.43294, 19.09836)
(47.43284, 19.09847)
(47.43274, 19.09858)
(47.43264, 19.09869)
(47.43254, 19.0988)
(47.43244, 19.09891)
(47.43234, 19.09902)
(47.43224, 19.09913)
(47.43213, 19.09924)
(47.43203, 19.09935)
(47.43193, 19.09947)
(47.43182, 19.09958)
(47.43172, 19.0997)
(47.43161, 19.09981)
(47.4315, 19.09993)
(47.4314, 19.10005)
(47.4313, 19.10016)
(47.4312, 19.10026)
(47.43106, 19.10042)
(47.43096, 19.10053)
(47.43089, 19.10061)
(47.43031, 19.10151)
(47.43023, 19.1016)
(47.43013, 19.10171)
(47.43004, 19.10179)
(47.42995, 19.10187)
(47.42985, 19.10196)
(47.42974, 19.10204)
(47.42964, 19.10211)
(47.42953, 19.10219)
(47.42942, 19.10226)
(47.42931, 19.10233)
(47.42919, 19.10239)
(47.42907, 19.10245)
(47.42895, 19.10251)
(47.42883, 19.10256)
(47.42871, 19.10261)
(47.42858, 19.10266)
(47.42846, 19.10272)
(47.42833, 19.10277)
(47.42821, 19.10283)
(47.42808, 19.10288)
(47.42796, 19.10293)
(47.42785, 19.10298)
(47.42774, 19.10304)
(47.42763, 19.10308)
(47.42752, 19.10313)
(47.42741, 19.10318)
(47.4273, 19.10323)
(47.42718, 19.10328)
(47.42706, 19.10333)
(47.42695, 19.10338)
(47.42683, 19.10344)
(47.4267, 19.10349)
(47.42658, 19.10354)
(47.42645, 19.1036)
(47.42632, 19.10365)
(47.4262, 19.10371)
(47.42608, 19.10376)
(47.42597, 19.10381)
(47.42586, 19.10386)
(47.42574, 19.10391)
(47.42562, 19.10396)
(47.4255, 19.10401)
(47.42538, 19.10406)
(47.42525, 19.10412)
(47.42512, 19.10417)
(47.425, 19.10423)
(47.42488, 19.10428)
(47.42475, 19.10433)
(47.42463, 19.10439)
(47.42452, 19.10444)
(47.4244, 19.1045)
(47.42429, 19.10456)
(47.42418, 19.10462)
(47.42407, 19.10468)
(47.42397, 19.10475)
(47.42386, 19.10481)
(47.42375, 19.10488)
(47.42364, 19.10495)
(47.42353, 19.10502)
(47.42342, 19.10508)
(47.4233, 19.10515)
(47.42319, 19.10522)
(47.42315, 19.10525)
(47.42308, 19.10529)
(47.42296, 19.10537)
(47.42285, 19.10545)
(47.42274, 19.10553)
(47.42263, 19.10561)
(47.42252, 19.10569)
(47.42241, 19.10578)
(47.4223, 19.10586)
(47.42219, 19.10595)
(47.42209, 19.10604)
(47.42199, 19.10612)
(47.42188, 19.10621)
(47.42178, 19.1063)
(47.42168, 19.1064)
(47.42158, 19.10649)
(47.42149, 19.10658)
(47.42139, 19.10668)
(47.42129, 19.10678)
(47.42118, 19.10689)
(47.42107, 19.107)
(47.42096, 19.10713)
(47.42085, 19.10725)
(47.42073, 19.10737)
(47.42062, 19.10749)
(47.42051, 19.10761)
(47.4204, 19.10773)
(47.42029, 19.10785)
(47.42019, 19.10797)
(47.42008, 19.10808)
(47.41997, 19.1082)
(47.41987, 19.10831)
(47.41977, 19.10842)
(47.41966, 19.10853)
(47.41956, 19.10864)
(47.41946, 19.10874)
(47.41935, 19.10884)
(47.41925, 19.10893)
(47.41914, 19.10901)
(47.41903, 19.1091)
(47.41891, 19.10917)
(47.4188, 19.10925)
(47.41868, 19.10932)
(47.41856, 19.1094)
(47.41844, 19.10947)
(47.41831, 19.10955)
(47.41819, 19.10963)
(47.41807, 19.1097)
(47.41796, 19.10977)
(47.41784, 19.10984)
(47.41774, 19.10991)
(47.41763, 19.10997)
(47.41752, 19.11004)
(47.41741, 19.11011)
(47.4173, 19.11018)
(47.41719, 19.11025)
(47.41708, 19.11031)
(47.41697, 19.11038)
(47.41685, 19.11045)
(47.41674, 19.11052)
(47.41662, 19.11058)
(47.4165, 19.11064)
(47.41638, 19.11069)
(47.41625, 19.11075)
(47.41613, 19.1108)
(47.416, 19.11084)
(47.41587, 19.11088)
(47.41575, 19.11092)
(47.41563, 19.11094)
(47.41552, 19.11097)
(47.41541, 19.11099)
(47.41529, 19.11101)
(47.41517, 19.11103)
(47.41506, 19.11104)
(47.41494, 19.11106)
(47.41481, 19.11108)
(47.41469, 19.1111)
(47.41457, 19.11112)
(47.41445, 19.11113)
(47.41432, 19.11115)
(47.4142, 19.11116)
(47.41408, 19.11118)
(47.41396, 19.1112)
(47.41383, 19.11121)
(47.41371, 19.11123)
(47.41359, 19.11125)
(47.41347, 19.11127)
(47.41335, 19.11129)
(47.41323, 19.1113)
(47.41311, 19.11132)
(47.413, 19.11134)
(47.41288, 19.11136)
(47.41275, 19.11137)
(47.41263, 19.11139)
(47.4125, 19.11141)
(47.41237, 19.11143)
(47.41224, 19.11145)
(47.4121, 19.11147)
(47.41197, 19.1115)
(47.41184, 19.11152)
(47.41171, 19.11155)
(47.41159, 19.11157)
(47.41147, 19.1116)
(47.41135, 19.11162)
(47.41123, 19.11164)
(47.4111, 19.11167)
(47.41098, 19.11169)
(47.41085, 19.11172)
(47.41072, 19.11174)
(47.41059, 19.11176)
(47.41047, 19.11179)
(47.41033, 19.11181)
(47.4102, 19.11184)
(47.41007, 19.11187)
(47.40993, 19.11189)
(47.4098, 19.11192)
(47.40968, 19.11194)
(47.40955, 19.11197)
(47.40953, 19.11197)
(47.40944, 19.11199)
(47.40932, 19.11201)
(47.40921, 19.11203)
(47.40909, 19.11206)
(47.40898, 19.11208)
(47.40886, 19.1121)
(47.40874, 19.11212)
(47.40862, 19.11215)
(47.4085, 19.11217)
(47.40838, 19.1122)
(47.40825, 19.11222)
(47.40813, 19.11224)
(47.408, 19.11227)
(47.40787, 19.11229)
(47.40774, 19.11232)
(47.40761, 19.11234)
(47.40749, 19.11237)
(47.40736, 19.11239)
(47.40725, 19.11241)
(47.40713, 19.11244)
(47.40702, 19.11246)
(47.40691, 19.11248)
(47.4068, 19.1125)
(47.40669, 19.11253)
(47.40657, 19.11256)
(47.40646, 19.11259)
(47.40634, 19.11262)
(47.40622, 19.11265)
(47.4061, 19.11268)
(47.40597, 19.11271)
(47.40585, 19.11274)
(47.40572, 19.11278)
(47.40559, 19.11281)
(47.40546, 19.11284)
(47.40534, 19.11287)
(47.40522, 19.11291)
(47.4051, 19.11294)
(47.40498, 19.11297)
(47.40486, 19.113)
(47.40475, 19.11303)
(47.40463, 19.11306)
(47.40451, 19.11309)
(47.40439, 19.11312)
(47.40426, 19.11315)
(47.40414, 19.11318)
(47.40402, 19.11322)
(47.40389, 19.11326)
(47.40377, 19.1133)
(47.40364, 19.11334)
(47.40351, 19.11339)
(47.40338, 19.11343)
(47.40326, 19.11347)
(47.40314, 19.11351)
(47.40303, 19.11355)
(47.40293, 19.11358)
(47.40283, 19.11362)
(47.40272, 19.11365)
(47.40262, 19.11369)
(47.40252, 19.11372)
(47.40241, 19.11376)
(47.4023, 19.11379)
(47.40219, 19.11383)
(47.40209, 19.11386)
(47.40198, 19.1139)
(47.40186, 19.11394)
(47.40175, 19.11398)
(47.40164, 19.11402)
(47.40152, 19.11405)
(47.40141, 19.11409)
(47.40129, 19.11413)
(47.40117, 19.11417)
(47.40104, 19.11422)
(47.40092, 19.11426)
(47.40079, 19.1143)
(47.40067, 19.11434)
(47.40054, 19.11438)
(47.40043, 19.11442)
(47.40031, 19.11446)
(47.4002, 19.1145)
(47.40009, 19.11454)
(47.39998, 19.11457)
(47.39987, 19.11461)
(47.39976, 19.11465)
(47.39964, 19.11469)
(47.39952, 19.11473)
(47.3994, 19.11477)
(47.39931, 19.1148)
(47.39927, 19.11481)
(47.39916, 19.11485)
(47.39905, 19.11489)
(47.39895, 19.11492)
(47.39883, 19.11496)
(47.39872, 19.115)
(47.39863, 19.11503)
(47.39854, 19.11506)
(47.39842, 19.1151)
(47.39831, 19.11513)
(47.3982, 19.11517)
(47.39808, 19.11521)
(47.39796, 19.11525)
(47.39783, 19.1153)
(47.39769, 19.11534)
(47.39755, 19.11539)
(47.39734, 19.11546)
(47.39719, 19.11551)
(47.39705, 19.11556)
(47.39691, 19.1156)
(47.39677, 19.11565)
(47.39663, 19.1157)
(47.39649, 19.11575)
(47.39634, 19.11579)
(47.3962, 19.11584)
(47.39606, 19.11589)
(47.39592, 19.11594)
(47.39578, 19.11598)
(47.39564, 19.11603)
(47.3955, 19.11608)
(47.39535, 19.11613)
(47.3952, 19.11618)
(47.39505, 19.11623)
(47.39494, 19.11626)
(47.39485, 19.11628)
(47.39475, 19.11629)
(47.39462, 19.1163)
(47.39451, 19.1163)
(47.39441, 19.1163)
(47.39406, 19.11623)
(47.39396, 19.11619)
(47.39383, 19.11613)
(47.39374, 19.11609)
(47.39365, 19.11604)
(47.39354, 19.11599)
(47.39343, 19.11593)
(47.39332, 19.11587)
(47.39321, 19.11582)
(47.3931, 19.11576)
(47.39298, 19.1157)
(47.39285, 19.11563)
(47.39273, 19.11557)
(47.39262, 19.11551)
(47.39251, 19.11545)
(47.3924, 19.1154)
(47.39229, 19.11534)
(47.39219, 19.11528)
(47.3921, 19.11522)
(47.392, 19.11516)
(47.39191, 19.1151)
(47.39182, 19.11504)
(47.39173, 19.11498)
(47.39165, 19.11492)
(47.39164, 19.11491)
(47.39157, 19.11486)
(47.39145, 19.11477)
(47.39134, 19.11468)
(47.39122, 19.11458)
(47.39111, 19.11449)
(47.39103, 19.11442)
(47.39094, 19.11435)
(47.39086, 19.11429)
(47.39078, 19.11422)
(47.39069, 19.11414)
(47.39059, 19.11407)
(47.3905, 19.11399)
(47.3904, 19.11391)
(47.3903, 19.11383)
(47.3902, 19.11374)
(47.39009, 19.11366)
(47.38999, 19.11357)
(47.38988, 19.11348)
(47.38976, 19.11339)
(47.38965, 19.1133)
(47.38953, 19.1132)
(47.38942, 19.1131)
(47.3893, 19.11301)
(47.38918, 19.11291)
(47.38906, 19.11281)
(47.38894, 19.11272)
(47.38882, 19.11262)
(47.38871, 19.11253)
(47.38859, 19.11244)
(47.38848, 19.11234)
(47.38837, 19.11225)
(47.38826, 19.11216)
(47.38815, 19.11207)
(47.38804, 19.11198)
(47.38793, 19.1119)
(47.38783, 19.11181)
(47.38772, 19.11173)
(47.38762, 19.11164)
(47.38751, 19.11156)
(47.38741, 19.11147)
(47.38731, 19.11139)
(47.3872, 19.1113)
(47.3871, 19.11121)
(47.38699, 19.11112)
(47.38688, 19.11103)
(47.38677, 19.11094)
(47.38667, 19.11085)
(47.38656, 19.11076)
(47.38646, 19.11067)
(47.38636, 19.11058)
(47.38626, 19.1105)
(47.38616, 19.11042)
(47.38607, 19.11033)
(47.38597, 19.11025)
(47.38588, 19.11017)
(47.38578, 19.11009)
(47.38568, 19.11001)
(47.38558, 19.10992)
(47.38547, 19.10983)
(47.38537, 19.10974)
(47.38526, 19.10964)
(47.38515, 19.10955)
(47.38503, 19.10946)
(47.38492, 19.10936)
(47.38481, 19.10926)
(47.38469, 19.10916)
(47.38457, 19.10906)
(47.38445, 19.10896)
(47.38434, 19.10886)
(47.38422, 19.10876)
(47.38411, 19.10867)
(47.38401, 19.10858)
(47.38391, 19.10849)
(47.3838, 19.10841)
(47.3837, 19.10832)
(47.3836, 19.10823)
(47.38349, 19.10814)
(47.38338, 19.10805)
(47.38328, 19.10796)
(47.38317, 19.10786)
(47.38306, 19.10777)
(47.38295, 19.10768)
(47.38283, 19.10758)
(47.38272, 19.10749)
(47.38262, 19.10739)
(47.38251, 19.10731)
(47.38242, 19.10722)
(47.38232, 19.10714)
(47.38222, 19.10706)
(47.38212, 19.10697)
(47.38201, 19.10688)
(47.38191, 19.10679)
(47.3818, 19.1067)
(47.3817, 19.10661)
(47.38159, 19.10652)
(47.38148, 19.10643)
(47.38137, 19.10633)
(47.38126, 19.10624)
(47.38115, 19.10615)
(47.38105, 19.10606)
(47.38095, 19.10597)
(47.38085, 19.10589)
(47.38075, 19.10581)
(47.38065, 19.10572)
(47.38055, 19.10564)
(47.38045, 19.10555)
(47.38035, 19.10547)
(47.38025, 19.10538)
(47.38014, 19.10529)
(47.38003, 19.1052)
(47.37992, 19.1051)
(47.37981, 19.10501)
(47.37978, 19.10498)
(47.37971, 19.10492)
(47.37961, 19.10483)
(47.37952, 19.10476)
(47.37943, 19.10468)
(47.37935, 19.10461)
(47.37926, 19.10452)
(47.37915, 19.10442)
(47.37907, 19.10435)
(47.379, 19.10428)
(47.37891, 19.1042)
(47.37882, 19.10411)
(47.37872, 19.10402)
(47.37862, 19.10393)
(47.37852, 19.10383)
(47.37842, 19.10374)
(47.37729, 19.10267)
(47.37719, 19.10257)
(47.37709, 19.10247)
(47.37699, 19.10238)
(47.37689, 19.10228)
(47.37678, 19.10218)
(47.37668, 19.10208)
(47.37657, 19.10198)
(47.37647, 19.10188)
(47.37636, 19.10178)
(47.37625, 19.10168)
(47.37614, 19.10157)
(47.37604, 19.10147)
(47.37593, 19.10138)
(47.37584, 19.10129)
(47.37574, 19.1012)
(47.37565, 19.10111)
(47.37555, 19.10102)
(47.37545, 19.10093)
(47.37535, 19.10084)
(47.37525, 19.10076)
(47.37515, 19.10067)
(47.37505, 19.10058)
(47.37495, 19.10049)
(47.37485, 19.1004)
(47.37476, 19.10031)
(47.37466, 19.10022)
(47.37456, 19.10013)
(47.37446, 19.10004)
(47.37436, 19.09995)
(47.37426, 19.09985)
(47.37416, 19.09976)
(47.37406, 19.09967)
(47.37397, 19.09957)
(47.37387, 19.09948)
(47.37377, 19.09938)
(47.37367, 19.09929)
(47.37356, 19.09919)
(47.37346, 19.0991)
(47.37336, 19.099)
(47.37325, 19.0989)
(47.37315, 19.0988)
(47.37304, 19.0987)
(47.37294, 19.0986)
(47.37283, 19.0985)
(47.37272, 19.09839)
(47.37261, 19.09829)
(47.3725, 19.09819)
(47.37239, 19.09808)
(47.37228, 19.09797)
(47.37217, 19.09787)
(47.37206, 19.09777)
(47.37195, 19.09766)
(47.37185, 19.09757)
(47.37175, 19.09747)
(47.37164, 19.09737)
(47.37155, 19.09728)
(47.37145, 19.09718)
(47.37134, 19.09709)
(47.37124, 19.09699)
(47.37113, 19.09688)
(47.37102, 19.09678)
(47.37091, 19.09668)
(47.36993, 19.09575)
(47.36982, 19.09565)
(47.36972, 19.09555)
(47.36961, 19.09545)
(47.36951, 19.09535)
(47.3694, 19.09525)
(47.36929, 19.09516)
(47.36918, 19.09506)
(47.36907, 19.09497)
(47.36895, 19.09487)
(47.36883, 19.09478)
(47.36872, 19.09468)
(47.36861, 19.09459)
(47.3685, 19.0945)
(47.36839, 19.09441)
(47.36828, 19.09432)
(47.36817, 19.09424)
(47.36807, 19.09415)
(47.36796, 19.09406)
(47.36785, 19.09397)
(47.36773, 19.09388)
(47.36761, 19.09378)
(47.36749, 19.09368)
(47.36737, 19.09358)
(47.36725, 19.09347)
(47.36713, 19.09337)
(47.36701, 19.09327)
(47.3669, 19.09316)
(47.36679, 19.09306)
(47.36667, 19.09296)
(47.36656, 19.09286)
(47.36645, 19.09277)
(47.36634, 19.09267)
(47.36629, 19.09262)
(47.36624, 19.09257)
(47.36613, 19.09248)
(47.36603, 19.09239)
(47.36593, 19.0923)
(47.36582, 19.0922)
(47.36571, 19.09211)
(47.3656, 19.09201)
(47.36549, 19.0919)
(47.36538, 19.09179)
(47.36528, 19.09166)
(47.36518, 19.09153)
(47.36509, 19.0914)
(47.365, 19.09125)
(47.36492, 19.0911)
(47.36484, 19.09095)
(47.36476, 19.0908)
(47.36469, 19.09065)
(47.36461, 19.09051)
(47.36452, 19.09038)
(47.36444, 19.09025)
(47.36435, 19.09014)
(47.36425, 19.09003)
(47.36415, 19.08992)
(47.36405, 19.08983)
(47.36395, 19.08973)
(47.36384, 19.08963)
(47.36374, 19.08953)
(47.36363, 19.08943)
(47.36352, 19.08933)
(47.36341, 19.08922)
(47.3633, 19.08912)
(47.3632, 19.08903)
(47.3631, 19.08893)
(47.363, 19.08883)
(47.36289, 19.08874)
(47.36279, 19.08864)
(47.36269, 19.08854)
(47.36258, 19.08843)
(47.36248, 19.08833)
(47.36237, 19.08823)
(47.36226, 19.08812)
(47.36216, 19.08802)
(47.36205, 19.08791)
(47.36194, 19.08781)
(47.36183, 19.0877)
(47.36173, 19.0876)
(47.36162, 19.08749)
(47.36151, 19.08738)
(47.36141, 19.08728)
(47.36131, 19.08719)
(47.36123, 19.08712)
(47.36113, 19.08704)
(47.36104, 19.08697)
(47.36096, 19.08692)
(47.36089, 19.08687)
(47.36081, 19.08682)
(47.36075, 19.08677)
(47.36064, 19.0867)
(47.36053, 19.08663)
(47.36042, 19.08655)
(47.3603, 19.08647)
(47.36029, 19.08647)
(47.36023, 19.08643)
(47.36013, 19.08636)
(47.36001, 19.08629)
(47.35992, 19.08623)
(47.35977, 19.08613)
(47.35966, 19.08606)
(47.3595, 19.08595)
(47.35934, 19.08585)
(47.35929, 19.08581)
(47.359, 19.08563)
(47.3589, 19.08556)
(47.35881, 19.0855)
(47.35873, 19.08542)
(47.35864, 19.08534)
(47.35854, 19.08524)
(47.35844, 19.08513)
(47.35835, 19.08499)
(47.35825, 19.08485)
(47.35817, 19.0847)
(47.35806, 19.08447)
(47.35796, 19.08423)
(47.35791, 19.08407)
(47.35786, 19.0839)
(47.35782, 19.08372)
(47.35778, 19.08354)
(47.35775, 19.08336)
(47.35773, 19.08317)
(47.35772, 19.08298)
(47.35772, 19.0828)
(47.35773, 19.08263)
(47.35774, 19.08245)
(47.35776, 19.08228)
(47.35779, 19.08211)
(47.35782, 19.08194)
(47.35786, 19.08177)
(47.35791, 19.0816)
(47.35797, 19.08143)
(47.35804, 19.08127)
(47.35811, 19.08111)
(47.35819, 19.08096)
(47.35828, 19.08082)
(47.35837, 19.08067)
(47.35846, 19.08052)
(47.35855, 19.08037)
(47.35864, 19.08022)
(47.35872, 19.08008)
(47.35881, 19.07994)
(47.35889, 19.0798)
(47.35897, 19.07966)
(47.35905, 19.07953)
(47.35913, 19.0794)
(47.3592, 19.07927)
(47.35927, 19.07915)
(47.35934, 19.07903)
(47.35971, 19.07839)
(47.35977, 19.07829)
(47.35983, 19.07817)
(47.3599, 19.07805)
(47.35996, 19.07794)
(47.36004, 19.07779)
(47.36013, 19.07758)
(47.36016, 19.07754)
(47.36021, 19.07741)
(47.36027, 19.07726)
(47.36033, 19.07713)
(47.36039, 19.07699)
(47.36045, 19.07685)
(47.36051, 19.07669)
(47.36057, 19.07651)
(47.36062, 19.07632)
(47.36067, 19.07611)
(47.3607, 19.07596)
(47.36074, 19.07573)
(47.36077, 19.07549)
(47.36079, 19.07532)
(47.3608, 19.07507)
(47.3608, 19.0749)
(47.3608, 19.07463)
(47.36078, 19.07437)
(47.36076, 19.07419)
(47.36072, 19.07392)
(47.36069, 19.07374)
(47.36063, 19.07347)
(47.36055, 19.07321)
(47.3605, 19.07304)
(47.3604, 19.07278)
(47.36029, 19.07254)
(47.36021, 19.0724)
(47.36011, 19.07221)
(47.36004, 19.07211)
(47.35995, 19.07198)
(47.35985, 19.07185)
(47.35975, 19.07173)
(47.35966, 19.07163)
(47.35957, 19.07154)
(47.35948, 19.07144)
(47.35938, 19.07135)
(47.35928, 19.07125)
(47.35917, 19.07114)
(47.35906, 19.07103)
(47.35899, 19.07096)
(47.35887, 19.07084)
(47.35879, 19.07076)
(47.35867, 19.07064)
(47.35859, 19.07056)
(47.35846, 19.07043)
(47.35837, 19.07035)
(47.35824, 19.07021)
(47.35815, 19.07012)
(47.35801, 19.06999)
(47.35792, 19.06989)
(47.35778, 19.06976)
(47.3577, 19.06967)
(47.35757, 19.06954)
(47.35748, 19.06946)
(47.35735, 19.06933)
(47.35722, 19.06919)
(47.35712, 19.0691)
(47.35699, 19.06896)
(47.35689, 19.06887)
(47.35675, 19.06873)
(47.35666, 19.06863)
(47.35651, 19.06849)
(47.35636, 19.06834)
(47.35626, 19.06824)
(47.35611, 19.06809)
(47.35601, 19.06799)
(47.35586, 19.06784)
(47.35575, 19.06773)
(47.35561, 19.06759)
(47.35551, 19.06749)
(47.35537, 19.06736)
(47.35529, 19.06727)
(47.35516, 19.06714)
(47.35507, 19.06706)
(47.35494, 19.06692)
(47.35485, 19.06684)
(47.35471, 19.0667)
(47.35462, 19.06661)
(47.35448, 19.06647)
(47.35439, 19.06637)
(47.35425, 19.06623)
(47.35415, 19.06614)
(47.35401, 19.066)
(47.35391, 19.0659)
(47.35376, 19.06575)
(47.35367, 19.06566)
(47.35352, 19.06551)
(47.35342, 19.0654)
(47.35328, 19.06524)
(47.35319, 19.06514)
(47.35307, 19.06498)
(47.35299, 19.06488)
(47.35288, 19.06473)
(47.35281, 19.06463)
(47.35271, 19.06448)
(47.35264, 19.06437)
(47.35254, 19.06421)
(47.35247, 19.06409)
(47.35237, 19.06391)
(47.3523, 19.06378)
(47.3522, 19.06359)
(47.35214, 19.06345)
(47.35205, 19.06324)
(47.35199, 19.0631)
(47.3519, 19.06288)
(47.35184, 19.06272)
(47.35175, 19.06249)
(47.35169, 19.06233)
(47.3516, 19.06209)
(47.35154, 19.06192)
(47.35145, 19.06167)
(47.35136, 19.06142)
(47.35129, 19.06125)
(47.3512, 19.06099)
(47.35114, 19.06083)
(47.35105, 19.06059)
(47.35099, 19.06043)
(47.35091, 19.0602)
(47.35085, 19.06005)
(47.35077, 19.05983)
(47.35071, 19.05968)
(47.35063, 19.05945)
(47.35057, 19.05929)
(47.35048, 19.05906)
(47.35043, 19.0589)
(47.35034, 19.05866)
(47.35028, 19.05849)
(47.35018, 19.05825)
(47.35012, 19.05809)
(47.35002, 19.05784)
(47.34991, 19.05759)
(47.34984, 19.05743)
(47.34972, 19.05718)
(47.34965, 19.05702)
(47.34954, 19.05679)
(47.34946, 19.05665)
(47.34934, 19.05642)
(47.34926, 19.05627)
(47.34913, 19.05604)
(47.34904, 19.05589)
(47.34891, 19.05566)
(47.34883, 19.05551)
(47.3487, 19.0553)
(47.34862, 19.05515)
(47.3485, 19.05495)
(47.34842, 19.05481)
(47.3483, 19.0546)
(47.34821, 19.05445)
(47.34809, 19.05424)
(47.348, 19.05409)
(47.34787, 19.05387)
(47.34779, 19.05372)
(47.34767, 19.05351)
(47.34758, 19.05338)
(47.34746, 19.05319)
(47.34738, 19.05307)
(47.34725, 19.0529)
(47.34716, 19.05278)
(47.34702, 19.05261)
(47.34692, 19.0525)
(47.34677, 19.05234)
(47.34666, 19.05223)
(47.34649, 19.05208)
(47.34638, 19.05198)
(47.3462, 19.05183)
(47.34607, 19.05173)
(47.3459, 19.0516)
(47.34578, 19.05151)
(47.34561, 19.05138)
(47.34551, 19.05129)
(47.34534, 19.05117)
(47.34524, 19.05109)
(47.34507, 19.05096)
(47.34496, 19.05087)
(47.34479, 19.05074)
(47.34462, 19.05061)
(47.34451, 19.05052)
(47.34434, 19.05039)
(47.34423, 19.05031)
(47.34422, 19.0503)
(47.34407, 19.05018)
(47.34394, 19.05009)
(47.34381, 19.04998)
(47.34373, 19.04992)
(47.34363, 19.04985)
(47.34353, 19.04977)
(47.34344, 19.04971)
(47.34329, 19.04959)
(47.34319, 19.0495)
(47.34303, 19.04938)
(47.34293, 19.04929)
(47.34276, 19.04917)
(47.34265, 19.04908)
(47.34249, 19.04895)
(47.34237, 19.04887)
(47.3422, 19.04874)
(47.34209, 19.04865)
(47.34192, 19.04851)
(47.3418, 19.04843)
(47.34163, 19.04829)
(47.34151, 19.0482)
(47.34134, 19.04807)
(47.34122, 19.04798)
(47.34105, 19.04784)
(47.34093, 19.04775)
(47.34076, 19.04762)
(47.34065, 19.04753)
(47.34047, 19.04739)
(47.34035, 19.0473)
(47.34018, 19.04715)
(47.34007, 19.04705)
(47.3399, 19.04689)
(47.33981, 19.04678)
(47.33967, 19.04663)
(47.33958, 19.04652)
(47.33944, 19.04635)
(47.33935, 19.04623)
(47.3392, 19.04606)
(47.33911, 19.04594)
(47.33897, 19.04576)
(47.33887, 19.04563)
(47.33873, 19.04544)
(47.33864, 19.04531)
(47.3385, 19.0451)
(47.33842, 19.04495)
(47.3383, 19.04472)
(47.33822, 19.04456)
(47.33811, 19.04432)
(47.33805, 19.04415)
(47.33795, 19.04389)
(47.3379, 19.04372)
(47.33782, 19.04345)
(47.33777, 19.04327)
(47.33769, 19.04299)
(47.33765, 19.04281)
(47.33759, 19.04253)
(47.33755, 19.04234)
(47.33749, 19.04205)
(47.33746, 19.04186)
(47.33741, 19.04158)
(47.33739, 19.04138)
(47.33735, 19.04109)
(47.33732, 19.04078)
(47.3373, 19.04048)
(47.33729, 19.04008)
(47.33727, 19.03978)
(47.33726, 19.03947)
(47.33725, 19.03915)
(47.33724, 19.03895)
(47.33723, 19.03865)
(47.33722, 19.03846)
(47.33721, 19.03817)
(47.3372, 19.03798)
(47.33719, 19.03768)
(47.33718, 19.03748)
(47.33716, 19.03718)
(47.33716, 19.03698)
(47.33714, 19.03668)
(47.33713, 19.03648)
(47.33712, 19.0362)
(47.33711, 19.03601)
(47.3371, 19.03574)
(47.3371, 19.03556)
(47.33709, 19.0353)
(47.33708, 19.03512)
(47.33707, 19.03484)
(47.33706, 19.03465)
(47.33705, 19.03436)
(47.33703, 19.03411)
(47.33703, 19.03391)
(47.33702, 19.03376)
(47.33701, 19.03359)
(47.33701, 19.03346)
(47.337, 19.03331)
(47.33699, 19.03315)
(47.33699, 19.03295)
(47.33698, 19.0328)
(47.33697, 19.03255)
(47.33696, 19.03237)
(47.33695, 19.0321)
(47.33694, 19.03191)
(47.33693, 19.03162)
(47.33692, 19.03142)
(47.33691, 19.03114)
(47.3369, 19.03095)
(47.33689, 19.03067)
(47.33688, 19.03049)
(47.33687, 19.0302)
(47.33686, 19.03001)
(47.33685, 19.02971)
(47.33684, 19.02951)
(47.33683, 19.02921)
(47.33682, 19.02901)
(47.33681, 19.02871)
(47.3368, 19.02852)
(47.33679, 19.02822)
(47.33678, 19.02802)
(47.33676, 19.02772)
(47.33676, 19.02752)
(47.33674, 19.02724)
(47.33674, 19.02705)
(47.33671, 19.02642)
(47.3367, 19.02615)
(47.33669, 19.02597)
(47.33668, 19.02569)
(47.33667, 19.02551)
(47.33666, 19.02522)
(47.33665, 19.02503)
(47.33664, 19.02474)
(47.33663, 19.02455)
(47.33662, 19.02425)
(47.33661, 19.02405)
(47.3366, 19.02375)
(47.33659, 19.02355)
(47.33658, 19.02326)
(47.33657, 19.02307)
(47.33656, 19.02279)
(47.33655, 19.02262)
(47.33654, 19.02236)
(47.33653, 19.02219)
(47.33652, 19.02193)
(47.33651, 19.02176)
(47.3365, 19.0215)
(47.33649, 19.02132)
(47.33648, 19.02105)
(47.33648, 19.02087)
(47.33646, 19.02059)
(47.33646, 19.0204)
(47.33644, 19.02012)
(47.33644, 19.01993)
(47.33643, 19.01974)
(47.33642, 19.01964)
(47.33642, 19.01945)
(47.3364, 19.01917)
(47.3364, 19.01898)
(47.33638, 19.0187)
(47.33638, 19.01851)
(47.33636, 19.01822)
(47.33635, 19.01802)
(47.33634, 19.01772)
(47.33633, 19.01752)
(47.33632, 19.01723)
(47.3363, 19.01705)
(47.33628, 19.01677)
(47.33627, 19.0166)
(47.33624, 19.01633)
(47.33622, 19.01615)
(47.33618, 19.01587)
(47.33616, 19.01568)
(47.33611, 19.0154)
(47.33608, 19.01521)
(47.33603, 19.01493)
(47.33599, 19.01474)
(47.33594, 19.01447)
(47.3359, 19.01431)
(47.33585, 19.01406)
(47.33581, 19.01389)
(47.33576, 19.01363)
(47.33572, 19.01345)
(47.33566, 19.01319)
(47.33562, 19.01301)
(47.33556, 19.01273)
(47.33552, 19.01255)
(47.33546, 19.01227)
(47.33542, 19.0121)
(47.33537, 19.01184)
(47.33533, 19.01168)
(47.33528, 19.01143)
(47.33524, 19.01126)
(47.33518, 19.01101)
(47.33515, 19.01084)
(47.33509, 19.01059)
(47.33506, 19.01043)
(47.33501, 19.01019)
(47.33497, 19.01002)
(47.33492, 19.00978)
(47.33488, 19.00961)
(47.33483, 19.00935)
(47.33479, 19.00918)
(47.33473, 19.00892)
(47.33469, 19.00874)
(47.33463, 19.00847)
(47.33459, 19.00829)
(47.33455, 19.0081)
(47.33449, 19.00782)
(47.33445, 19.00763)
(47.33439, 19.00736)
(47.33435, 19.00718)
(47.3343, 19.00694)
(47.33427, 19.00678)
(47.33421, 19.00654)
(47.33418, 19.00638)
(47.33413, 19.00613)
(47.33409, 19.00597)
(47.33403, 19.00572)
(47.334, 19.00555)
(47.33394, 19.00529)
(47.3339, 19.00512)
(47.33385, 19.00486)
(47.33381, 19.00468)
(47.33375, 19.00441)
(47.33371, 19.00422)
(47.33365, 19.00395)
(47.33364, 19.0039)
(47.33361, 19.00377)
(47.33355, 19.00349)
(47.33351, 19.00333)
(47.33347, 19.00314)
(47.33344, 19.00299)
(47.33341, 19.00286)
(47.33337, 19.00269)
(47.33333, 19.00247)
(47.33329, 19.00231)
(47.33324, 19.00208)
(47.33321, 19.00192)
(47.33315, 19.00168)
(47.33312, 19.00151)
(47.33306, 19.00126)
(47.33303, 19.00109)
(47.33299, 19.00092)
(47.33293, 19.00066)
(47.33289, 19.00048)
(47.33284, 19.00022)
(47.3328, 19.00004)
(47.33274, 18.99977)
(47.3327, 18.99959)
(47.33264, 18.99932)
(47.3326, 18.99914)
(47.33256, 18.99895)
(47.3325, 18.99869)
(47.33247, 18.99853)
(47.33242, 18.9983)
(47.33239, 18.99815)
(47.33235, 18.99799)
(47.3323, 18.99776)
(47.33226, 18.9976)
(47.33223, 18.99744)
(47.33216, 18.99721)
(47.33211, 18.99705)
(47.33203, 18.99681)
(47.33198, 18.99665)
(47.33191, 18.99649)
(47.33181, 18.99626)
(47.33173, 18.9961)
(47.33165, 18.99595)
(47.33157, 18.9958)
(47.33144, 18.99559)
(47.33135, 18.99546)
(47.33121, 18.99528)
(47.33112, 18.99517)
(47.33099, 18.995)
(47.3309, 18.99489)
(47.33075, 18.99472)
(47.33066, 18.99461)
(47.3305, 18.99442)
(47.33041, 18.99431)
(47.33026, 18.99413)
(47.33016, 18.99402)
(47.33007, 18.99391)
(47.3299, 18.99371)
(47.32982, 18.99362)
(47.3297, 18.99347)
(47.32962, 18.99338)
(47.3295, 18.99323)
(47.32941, 18.99313)
(47.32928, 18.99298)
(47.32919, 18.99287)
(47.32906, 18.99271)
(47.32892, 18.99255)
(47.32883, 18.99243)
(47.32873, 18.99232)
(47.32859, 18.99215)
(47.32849, 18.99204)
(47.32835, 18.99186)
(47.32825, 18.99175)
(47.3281, 18.99157)
(47.328, 18.99145)
(47.3279, 18.99133)
(47.3278, 18.99121)
(47.3277, 18.9911)
(47.32756, 18.99093)
(47.32748, 18.99083)
(47.32734, 18.99067)
(47.32725, 18.99056)
(47.32711, 18.9904)
(47.32702, 18.99029)
(47.32688, 18.99012)
(47.32678, 18.99001)
(47.32664, 18.98983)
(47.32654, 18.98972)
(47.32639, 18.98954)
(47.3263, 18.98943)
(47.32621, 18.98932)
(47.32612, 18.98922)
(47.32604, 18.98912)
(47.32596, 18.98903)
(47.32588, 18.98894)
(47.32581, 18.98885)
(47.32573, 18.98875)
(47.32565, 18.98866)
(47.32553, 18.98852)
(47.32545, 18.98843)
(47.32533, 18.98828)
(47.32525, 18.98818)
(47.32512, 18.98803)
(47.32504, 18.98793)
(47.32491, 18.98778)
(47.32482, 18.98767)
(47.32469, 18.98751)
(47.32459, 18.98741)
(47.32446, 18.98724)
(47.32436, 18.98713)
(47.32422, 18.98697)
(47.32408, 18.98679)
(47.32398, 18.98668)
(47.32389, 18.98657)
(47.32375, 18.9864)
(47.32366, 18.9863)
(47.32358, 18.9862)
(47.3235, 18.98611)
(47.32342, 18.98601)
(47.32333, 18.98591)
(47.32325, 18.98581)
(47.32316, 18.98571)
(47.32303, 18.98555)
(47.32294, 18.98544)
(47.32285, 18.98534)
(47.32276, 18.98523)
(47.32267, 18.98512)
(47.32253, 18.98496)
(47.32244, 18.98485)
(47.32234, 18.98473)
(47.32225, 18.98462)
(47.32215, 18.98451)
(47.32206, 18.98439)
(47.32196, 18.98428)
(47.32186, 18.98416)
(47.32171, 18.98398)
(47.32161, 18.98386)
(47.32151, 18.98374)
(47.32141, 18.98362)
(47.32136, 18.98356)
(47.32131, 18.98351)
(47.32122, 18.9834)
(47.32113, 18.9833)
(47.32105, 18.9832)
(47.32096, 18.9831)
(47.32088, 18.98299)
(47.32079, 18.98289)
(47.3207, 18.98279)
(47.32062, 18.98268)
(47.32053, 18.98258)
(47.32044, 18.98247)
(47.32035, 18.98236)
(47.32026, 18.98226)
(47.32016, 18.98215)
(47.32007, 18.98204)
(47.31998, 18.98193)
(47.31989, 18.98182)
(47.31979, 18.98171)
(47.3197, 18.98159)
(47.3196, 18.98148)
(47.31951, 18.98137)
(47.31936, 18.98119)
(47.31926, 18.98108)
(47.31912, 18.9809)
(47.31902, 18.98078)
(47.31892, 18.98066)
(47.31881, 18.98054)
(47.31866, 18.98036)
(47.31856, 18.98024)
(47.31842, 18.98008)
(47.31834, 18.97998)
(47.31826, 18.97988)
(47.31818, 18.97979)
(47.3181, 18.97969)
(47.31801, 18.97959)
(47.31793, 18.97949)
(47.31785, 18.97939)
(47.31776, 18.97929)
(47.31763, 18.97914)
(47.31754, 18.97904)
(47.31746, 18.97893)
(47.31737, 18.97882)
(47.31728, 18.97872)
(47.31718, 18.97861)
(47.31709, 18.9785)
(47.317, 18.97839)
(47.3169, 18.97828)
(47.31681, 18.97817)
(47.31671, 18.97806)
(47.31661, 18.97795)
(47.31652, 18.97784)
(47.31641, 18.97773)
(47.31631, 18.97762)
(47.31621, 18.97751)
(47.31611, 18.97739)
(47.316, 18.97728)
(47.3159, 18.97717)
(47.31579, 18.97705)
(47.31563, 18.97687)
(47.31552, 18.97675)
(47.31542, 18.97663)
(47.31531, 18.97651)
(47.31521, 18.9764)
(47.31507, 18.97623)
(47.31497, 18.97612)
(47.31487, 18.97601)
(47.31478, 18.97589)
(47.31468, 18.97578)
(47.31458, 18.97566)
(47.31448, 18.97555)
(47.31438, 18.97543)
(47.31428, 18.97531)
(47.31412, 18.97514)
(47.31402, 18.97501)
(47.31391, 18.97489)
(47.31375, 18.97471)
(47.31364, 18.97458)
(47.31353, 18.97446)
(47.31342, 18.97433)
(47.31332, 18.97421)
(47.31323, 18.9741)
(47.31314, 18.97401)
(47.31307, 18.97392)
(47.31293, 18.97376)
(47.31281, 18.97363)
(47.31266, 18.97345)
(47.31249, 18.97326)
(47.31233, 18.97307)
(47.31215, 18.97287)
(47.31201, 18.9727)
(47.31186, 18.97253)
(47.31171, 18.97236)
(47.31156, 18.97219)
(47.3114, 18.97202)
(47.31123, 18.97186)
(47.31106, 18.9717)
(47.31088, 18.97154)
(47.31069, 18.9714)
(47.31049, 18.97126)
(47.31028, 18.97114)
(47.31012, 18.97105)
(47.30984, 18.97091)
(47.30962, 18.97082)
(47.3094, 18.97072)
(47.30922, 18.97064)
(47.30905, 18.97056)
(47.30887, 18.97049)
(47.30869, 18.97041)
(47.30851, 18.97033)
(47.30833, 18.97025)
(47.30814, 18.97017)
(47.30795, 18.97008)
(47.30772, 18.96997)
(47.30753, 18.96989)
(47.30732, 18.9698)
(47.30711, 18.96971)
(47.30678, 18.96957)
(47.30656, 18.96948)
(47.30621, 18.96935)
(47.30596, 18.96926)
(47.30571, 18.96916)
(47.30545, 18.96906)
(47.30519, 18.96897)
(47.3048, 18.96882)
(47.30454, 18.96873)
(47.30428, 18.96863)
(47.30401, 18.96853)
(47.30374, 18.96843)
(47.30348, 18.96833)
(47.30321, 18.96823)
(47.30294, 18.96813)
(47.30253, 18.96797)
(47.30225, 18.96787)
(47.30198, 18.96777)
(47.3017, 18.96766)
(47.30142, 18.96756)
(47.30114, 18.96745)
(47.30085, 18.96735)
(47.30043, 18.96719)
(47.30014, 18.96708)
(47.29985, 18.96697)
(47.29956, 18.96687)
(47.29927, 18.96676)
(47.29898, 18.96665)
(47.29869, 18.96654)
(47.2984, 18.96643)
(47.29797, 18.96627)
(47.29767, 18.96616)
(47.29724, 18.966)
(47.29695, 18.96589)
(47.29651, 18.96573)
(47.29622, 18.96562)
(47.29578, 18.96545)
(47.29549, 18.96534)
(47.29505, 18.96518)
(47.29476, 18.96507)
(47.29447, 18.96496)
(47.29417, 18.96485)
(47.29388, 18.96474)
(47.29359, 18.96464)
(47.29329, 18.96453)
(47.293, 18.96442)
(47.29271, 18.96431)
(47.29241, 18.9642)
(47.29212, 18.96409)
(47.29182, 18.96398)
(47.29138, 18.96381)
(47.29108, 18.9637)
(47.28841, 18.9627)
(47.28811, 18.96259)
(47.28781, 18.96248)
(47.28751, 18.96237)
(47.28721, 18.96225)
(47.28691, 18.96214)
(47.28661, 18.96203)
(47.28631, 18.96192)
(47.28601, 18.96181)
(47.28571, 18.96169)
(47.28541, 18.96158)
(47.28496, 18.96141)
(47.28466, 18.9613)
(47.28421, 18.96113)
(47.28391, 18.96102)
(47.28345, 18.96085)
(47.28315, 18.96074)
(47.28285, 18.96062)
(47.28255, 18.96051)
(47.2821, 18.96034)
(47.28179, 18.96023)
(47.28149, 18.96012)
(47.28119, 18.96001)
(47.28089, 18.95989)
(47.28043, 18.95972)
(47.28013, 18.95961)
(47.27982, 18.95949)
(47.27952, 18.95938)
(47.27921, 18.95927)
(47.27891, 18.95915)
(47.2786, 18.95904)
(47.27815, 18.95887)
(47.27784, 18.95876)
(47.27753, 18.95864)
(47.27723, 18.95853)
(47.27693, 18.95842)
(47.27664, 18.95832)
(47.27635, 18.95822)
(47.27608, 18.95813)
(47.27581, 18.95804)
(47.27542, 18.95791)
(47.27518, 18.95783)
(47.27495, 18.95775)
(47.27473, 18.95768)
(47.27453, 18.95761)
(47.27426, 18.95752)
(47.27404, 18.95745)
(47.27384, 18.95738)
(47.27364, 18.95731)
(47.27343, 18.95725)
(47.27322, 18.95718)
(47.27301, 18.95711)
(47.2728, 18.95704)
(47.27258, 18.95696)
(47.27236, 18.95689)
(47.27213, 18.95685)
(47.2719, 18.9568)
(47.27167, 18.95673)
(47.27144, 18.95665)
(47.27121, 18.95658)
(47.27098, 18.9565)
(47.27074, 18.95642)
(47.2705, 18.95634)
(47.27031, 18.95628)
(47.27027, 18.95626)
(47.27004, 18.95619)
(47.26982, 18.95611)
(47.26961, 18.95605)
(47.26942, 18.95598)
(47.26923, 18.95592)
(47.26904, 18.95586)
(47.26884, 18.95576)
(47.26863, 18.95565)
(47.26843, 18.95553)
(47.26822, 18.95541)
(47.268, 18.95532)
(47.26778, 18.95521)
(47.26756, 18.9551)
(47.26732, 18.95497)
(47.26715, 18.95486)
(47.26697, 18.95476)
(47.26679, 18.95464)
(47.26661, 18.95453)
(47.26642, 18.95442)
(47.26624, 18.9543)
(47.26606, 18.95419)
(47.26587, 18.95407)
(47.26569, 18.95395)
(47.2655, 18.95384)
(47.26531, 18.95372)
(47.26512, 18.9536)
(47.26493, 18.95348)
(47.26473, 18.95336)
(47.26454, 18.95323)
(47.26434, 18.95311)
(47.26415, 18.95299)
(47.26396, 18.95287)
(47.26377, 18.95276)
(47.26359, 18.95264)
(47.2634, 18.95252)
(47.26322, 18.95241)
(47.26304, 18.9523)
(47.26287, 18.95219)
(47.2627, 18.95208)
(47.26253, 18.95198)
(47.26228, 18.95182)
(47.26204, 18.95167)
(47.2618, 18.95152)
(47.26156, 18.95137)
(47.26132, 18.95122)
(47.26108, 18.95107)
(47.26083, 18.95091)
(47.26066, 18.95081)
(47.26049, 18.9507)
(47.26032, 18.9506)
(47.26015, 18.95049)
(47.25998, 18.95038)
(47.25981, 18.95027)
(47.25964, 18.95016)
(47.25946, 18.95005)
(47.25929, 18.94994)
(47.25911, 18.94983)
(47.25893, 18.94972)
(47.25875, 18.94961)
(47.25857, 18.9495)
(47.25839, 18.94938)
(47.25821, 18.94927)
(47.25803, 18.94916)
(47.25784, 18.94904)
(47.25766, 18.94892)
(47.25747, 18.94881)
(47.25728, 18.94869)
(47.2571, 18.94857)
(47.25691, 18.94845)
(47.25672, 18.94833)
(47.25653, 18.94821)
(47.25633, 18.94809)
(47.25613, 18.94797)
(47.2559, 18.94783)
(47.25566, 18.94767)
(47.25541, 18.94752)
(47.25517, 18.94736)
(47.25492, 18.94721)
(47.25467, 18.94705)
(47.25441, 18.94689)
(47.25416, 18.94673)
(47.25391, 18.94658)
(47.25365, 18.94642)
(47.25339, 18.94625)
(47.25313, 18.94609)
(47.25287, 18.94593)
(47.25261, 18.94577)
(47.25235, 18.9456)
(47.25209, 18.94544)
(47.25184, 18.94528)
(47.25161, 18.94513)
(47.25138, 18.94499)
(47.25117, 18.94486)
(47.25097, 18.94473)
(47.25077, 18.94461)
(47.25058, 18.94449)
(47.25039, 18.94437)
(47.2502, 18.94425)
(47.25001, 18.94414)
(47.24983, 18.94402)
(47.24964, 18.94391)
(47.24946, 18.94379)
(47.24929, 18.94368)
(47.24911, 18.94357)
(47.24894, 18.94347)
(47.24877, 18.94336)
(47.24861, 18.94326)
(47.24836, 18.9431)
(47.24813, 18.94296)
(47.2479, 18.94282)
(47.24768, 18.94268)
(47.24745, 18.94253)
(47.24722, 18.94239)
(47.24691, 18.94219)
(47.24659, 18.94199)
(47.24634, 18.94184)
(47.2461, 18.94169)
(47.24585, 18.94154)
(47.2456, 18.94141)
(47.24543, 18.94133)
(47.24525, 18.94126)
(47.24507, 18.94121)
(47.24489, 18.94116)
(47.2447, 18.94112)
(47.24452, 18.94109)
(47.24432, 18.94108)
(47.24413, 18.94108)
(47.24394, 18.94109)
(47.24374, 18.94111)
(47.24354, 18.94114)
(47.24334, 18.94119)
(47.24315, 18.94124)
(47.24295, 18.9413)
(47.24274, 18.94137)
(47.24254, 18.94143)
(47.24233, 18.94149)
(47.24213, 18.94156)
(47.24192, 18.94162)
(47.24171, 18.94169)
(47.24149, 18.94175)
(47.24128, 18.94182)
(47.24107, 18.94189)
(47.24085, 18.94197)
(47.24063, 18.94204)
(47.24041, 18.94212)
(47.24019, 18.9422)
(47.23997, 18.94228)
(47.23975, 18.94235)
(47.23952, 18.94242)
(47.23929, 18.9425)
(47.23907, 18.94257)
(47.23884, 18.94264)
(47.2386, 18.94271)
(47.23837, 18.94278)
(47.23814, 18.94286)
(47.2379, 18.94293)
(47.23766, 18.943)
(47.23743, 18.94308)
(47.23719, 18.94315)
(47.23694, 18.94323)
(47.2367, 18.9433)
(47.23646, 18.94338)
(47.23621, 18.94345)
(47.23595, 18.94353)
(47.23567, 18.94362)
(47.23538, 18.94371)
(47.23509, 18.9438)
(47.2348, 18.94389)
(47.2345, 18.94399)
(47.2342, 18.94408)
(47.2339, 18.94417)
(47.2336, 18.94427)
(47.2333, 18.94436)
(47.233, 18.94445)
(47.2327, 18.94455)
(47.2324, 18.94464)
(47.23212, 18.94473)
(47.23184, 18.94481)
(47.23158, 18.9449)
(47.23133, 18.94497)
(47.23109, 18.94505)
(47.23086, 18.94512)
(47.23065, 18.94518)
(47.23045, 18.94524)
(47.23021, 18.9453)
(47.22999, 18.94535)
(47.22979, 18.94539)
(47.22961, 18.94545)
(47.22942, 18.9455)
(47.22922, 18.94557)
(47.22902, 18.94563)
(47.22883, 18.94569)
(47.22864, 18.94575)
(47.22844, 18.94581)
(47.22824, 18.94588)
(47.22804, 18.94594)
(47.2279, 18.94598)
(47.22783, 18.946)
(47.22762, 18.94606)
(47.22741, 18.94614)
(47.22719, 18.94622)
(47.22697, 18.94631)
(47.22675, 18.9464)
(47.22652, 18.94647)
(47.22629, 18.94654)
(47.22604, 18.94662)
(47.22585, 18.94668)
(47.22564, 18.94674)
(47.2254, 18.94682)
(47.22514, 18.94693)
(47.22487, 18.94705)
(47.22461, 18.9472)
(47.22435, 18.94736)
(47.22409, 18.94753)
(47.22382, 18.9477)
(47.22356, 18.94787)
(47.2233, 18.94804)
(47.22303, 18.94822)
(47.22277, 18.94839)
(47.2225, 18.94856)
(47.22224, 18.94873)
(47.22198, 18.9489)
(47.22172, 18.94907)
(47.22145, 18.94925)
(47.22119, 18.94942)
(47.22092, 18.94959)
(47.22066, 18.94976)
(47.2204, 18.94993)
(47.21946, 18.95054)
(47.2192, 18.95072)
(47.21893, 18.95089)
(47.21866, 18.95106)
(47.21839, 18.95124)
(47.21812, 18.95141)
(47.21786, 18.95159)
(47.21759, 18.95177)
(47.21732, 18.95194)
(47.21705, 18.95212)
(47.21678, 18.95229)
(47.21652, 18.95246)
(47.21624, 18.95262)
(47.21597, 18.95276)
(47.21569, 18.95288)
(47.21541, 18.95298)
(47.21468, 18.95312)
(47.2141, 18.95314)
(47.21381, 18.95311)
(47.21359, 18.95307)
(47.21352, 18.95306)
(47.21324, 18.95298)
(47.21295, 18.95288)
(47.21267, 18.95276)
(47.2124, 18.95262)
(47.21213, 18.95245)
(47.21187, 18.95227)
(47.21161, 18.95207)
(47.21135, 18.95188)
(47.2111, 18.95167)
(47.21084, 18.95147)
(47.21058, 18.95127)
(47.21032, 18.95107)
(47.21006, 18.95087)
(47.20981, 18.95067)
(47.20955, 18.95047)
(47.20929, 18.95027)
(47.20903, 18.95007)
(47.20877, 18.94986)
(47.20851, 18.94966)
(47.20825, 18.94946)
(47.20799, 18.94925)
(47.20772, 18.94904)
(47.20745, 18.94884)
(47.20718, 18.94863)
(47.20691, 18.94842)
(47.20665, 18.94821)
(47.20639, 18.948)
(47.20613, 18.94781)
(47.20589, 18.94763)
(47.20565, 18.94748)
(47.20541, 18.94735)
(47.20519, 18.94724)
(47.20458, 18.94699)
(47.2044, 18.94693)
(47.20416, 18.94683)
(47.20393, 18.94674)
(47.20369, 18.94666)
(47.20347, 18.94657)
(47.20325, 18.94648)
(47.20303, 18.9464)
(47.20281, 18.94632)
(47.2026, 18.94624)
(47.20239, 18.94616)
(47.20218, 18.94608)
(47.20196, 18.946)
(47.20174, 18.94591)
(47.20152, 18.94583)
(47.2013, 18.94574)
(47.20108, 18.94566)
(47.20087, 18.94558)
(47.20066, 18.94549)
(47.20046, 18.9454)
(47.20027, 18.94531)
(47.20008, 18.94521)
(47.1999, 18.94511)
(47.19971, 18.945)
(47.19952, 18.94489)
(47.19952, 18.94488)
(47.19933, 18.94477)
(47.19913, 18.94465)
(47.19894, 18.94453)
(47.19874, 18.9444)
(47.19853, 18.94428)
(47.19833, 18.94415)
(47.19812, 18.94402)
(47.19707, 18.94338)
(47.19677, 18.9432)
(47.19657, 18.94307)
(47.19466, 18.94194)
(47.19433, 18.94178)
(47.1941, 18.94169)
(47.19387, 18.9416)
(47.19363, 18.94152)
(47.19339, 18.94144)
(47.19316, 18.94137)
(47.19182, 18.94094)
(47.19157, 18.94086)
(47.19132, 18.94078)
(47.19107, 18.9407)
(47.19082, 18.94062)
(47.19057, 18.94054)
(47.19032, 18.94046)
(47.19008, 18.94038)
(47.18985, 18.94031)
(47.18962, 18.94025)
(47.18941, 18.94019)
(47.18921, 18.94015)
(47.18894, 18.94012)
(47.1887, 18.94011)
(47.18839, 18.94012)
(47.18741, 18.94024)
(47.18716, 18.94027)
(47.1869, 18.9403)
(47.18665, 18.94033)
(47.18638, 18.94037)
(47.18612, 18.9404)
(47.18585, 18.94044)
(47.18567, 18.94046)
(47.18549, 18.94048)
(47.18531, 18.94051)
(47.18512, 18.94053)
(47.18494, 18.94056)
(47.18475, 18.94058)
(47.18456, 18.9406)
(47.18399, 18.94068)
(47.1838, 18.9407)
(47.1836, 18.94073)
(47.18341, 18.94075)
(47.18321, 18.94078)
(47.18301, 18.9408)
(47.18281, 18.94083)
(47.1826, 18.94086)
(47.1824, 18.94088)
(47.1822, 18.94091)
(47.18198, 18.94094)
(47.18175, 18.94097)
(47.1815, 18.941)
(47.18125, 18.94103)
(47.181, 18.94107)
(47.18075, 18.9411)
(47.1805, 18.94113)
(47.18024, 18.94117)
(47.17999, 18.9412)
(47.17973, 18.94123)
(47.17947, 18.94127)
(47.17922, 18.9413)
(47.17898, 18.94133)
(47.17875, 18.94136)
(47.17853, 18.94139)
(47.17832, 18.94141)
(47.17812, 18.94144)
(47.17794, 18.94146)
(47.17772, 18.94149)
(47.17749, 18.94151)
(47.17732, 18.94153)
(47.17728, 18.94153)
(47.17702, 18.94157)
(47.17685, 18.94159)
(47.17662, 18.94163)
(47.17646, 18.94165)
(47.17598, 18.94172)