(47.5037, 19.13884)
(47.50376, 19.13936)
(47.50379, 19.1396)
(47.5038, 19.13967)
(47.5038, 19.13975)
(47.50381, 19.13981)
(47.50381, 19.13988)
(47.50382, 19.13995)
(47.50382, 19.14003)
(47.50383, 19.14012)
(47.50383, 19.14021)
(47.50383, 19.14029)
(47.50384, 19.14039)
(47.50384, 19.14049)
(47.50385, 19.14059)
(47.50386, 19.14068)
(47.50387, 19.14079)
(47.50389, 19.141)
(47.50394, 19.14145)
(47.50394, 19.14146)
(47.50399, 19.1419)
(47.50406, 19.14249)
(47.50407, 19.14263)
(47.50409, 19.1428)
(47.50411, 19.14297)
(47.50414, 19.14323)
(47.50417, 19.14348)
(47.50418, 19.14365)
(47.50421, 19.14392)
(47.50423, 19.14409)
(47.50426, 19.14435)
(47.50429, 19.14459)
(47.5043, 19.14474)
(47.50432, 19.1449)
(47.50434, 19.14506)
(47.50436, 19.14522)
(47.50438, 19.14538)
(47.5044, 19.14563)
(47.50442, 19.14579)
(47.50445, 19.14604)
(47.50448, 19.14629)
(47.50449, 19.14646)
(47.50451, 19.14663)
(47.50454, 19.14688)
(47.50456, 19.14705)
(47.50458, 19.14722)
(47.50461, 19.14747)
(47.50462, 19.14764)
(47.50464, 19.14781)
(47.50466, 19.14798)
(47.50469, 19.14824)
(47.50471, 19.14842)
(47.50473, 19.14859)
(47.50475, 19.14877)
(47.50478, 19.14904)
(47.5048, 19.14921)
(47.50483, 19.14948)
(47.50485, 19.14965)
(47.50486, 19.14982)
(47.50489, 19.15007)
(47.50491, 19.15022)
(47.50493, 19.15037)
(47.50494, 19.15052)
(47.50496, 19.15068)
(47.50498, 19.1509)
(47.505, 19.15106)
(47.50503, 19.15129)
(47.50503, 19.15133)
(47.50504, 19.15144)
(47.50507, 19.15168)
(47.50509, 19.15183)
(47.5051, 19.15199)
(47.50513, 19.15222)
(47.50516, 19.15246)
(47.50518, 19.15262)
(47.5052, 19.15278)
(47.50523, 19.15302)
(47.50525, 19.15318)
(47.50528, 19.15334)
(47.5053, 19.1535)
(47.50532, 19.15367)
(47.50536, 19.15392)
(47.50538, 19.15409)
(47.50541, 19.15435)
(47.50544, 19.15453)
(47.50546, 19.1547)
(47.50548, 19.15488)
(47.5055, 19.15506)
(47.50551, 19.15523)
(47.50561, 19.1567)
(47.50563, 19.15688)
(47.50564, 19.15706)
(47.50565, 19.15724)
(47.50566, 19.15742)
(47.50567, 19.1576)
(47.50568, 19.15778)
(47.5057, 19.15796)
(47.50571, 19.15814)
(47.50572, 19.15841)
(47.50574, 19.15859)
(47.50575, 19.15876)
(47.50576, 19.15902)
(47.50577, 19.15919)
(47.50579, 19.15945)
(47.50581, 19.15971)
(47.50582, 19.15988)
(47.50584, 19.16006)
(47.50586, 19.16031)
(47.50588, 19.16049)
(47.5059, 19.16066)
(47.50592, 19.16083)
(47.50595, 19.16101)
(47.50599, 19.16127)
(47.50601, 19.16144)
(47.50605, 19.16171)
(47.50608, 19.16188)
(47.50611, 19.16206)
(47.50613, 19.16224)
(47.50617, 19.1625)
(47.5062, 19.16268)
(47.50623, 19.16286)
(47.50625, 19.16304)
(47.50628, 19.16322)
(47.50631, 19.1634)
(47.50635, 19.16368)
(47.50638, 19.16386)
(47.50642, 19.16413)
(47.50644, 19.16431)
(47.50647, 19.16449)
(47.5065, 19.16466)
(47.50652, 19.16484)
(47.50655, 19.16502)
(47.50659, 19.16528)
(47.50662, 19.16546)
(47.50664, 19.16563)
(47.50667, 19.1658)
(47.50669, 19.16597)
(47.50672, 19.16614)
(47.50675, 19.16631)
(47.50677, 19.16647)
(47.5068, 19.16664)
(47.50683, 19.1668)
(47.50685, 19.16696)
(47.50688, 19.16712)
(47.50691, 19.16728)
(47.50694, 19.16744)
(47.50697, 19.1676)
(47.507, 19.16776)
(47.507, 19.1678)
(47.50702, 19.16792)
(47.50705, 19.16808)
(47.50708, 19.16824)
(47.50711, 19.16841)
(47.50714, 19.16857)
(47.50717, 19.16873)
(47.5072, 19.1689)
(47.50723, 19.16907)
(47.50726, 19.16924)
(47.5073, 19.16951)
(47.50734, 19.16969)
(47.50737, 19.16988)
(47.5074, 19.17007)
(47.50744, 19.17026)
(47.50747, 19.17045)
(47.50751, 19.17064)
(47.50756, 19.17093)
(47.50759, 19.17111)
(47.50762, 19.1713)
(47.50767, 19.17158)
(47.5077, 19.17177)
(47.50774, 19.17195)
(47.50777, 19.17213)
(47.5078, 19.17231)
(47.50785, 19.17257)
(47.50788, 19.17274)
(47.50791, 19.17291)
(47.50794, 19.17308)
(47.50797, 19.17324)
(47.50801, 19.17348)
(47.50804, 19.17364)
(47.50806, 19.17379)
(47.50809, 19.17394)
(47.50812, 19.17409)
(47.50814, 19.17425)
(47.50817, 19.17441)
(47.5082, 19.17458)
(47.50823, 19.17475)
(47.50826, 19.17491)
(47.50831, 19.17516)
(47.50834, 19.17533)
(47.50837, 19.1755)
(47.5084, 19.17567)
(47.50843, 19.17584)
(47.50847, 19.17609)
(47.5085, 19.17626)
(47.50853, 19.17643)
(47.50856, 19.17661)
(47.50859, 19.17678)
(47.50862, 19.17695)
(47.50865, 19.17712)
(47.50868, 19.1773)
(47.50872, 19.17747)
(47.50875, 19.17765)
(47.50878, 19.17782)
(47.50881, 19.178)
(47.50884, 19.17817)
(47.50887, 19.17835)
(47.5089, 19.17852)
(47.50893, 19.1787)
(47.50893, 19.1787)
(47.50896, 19.17887)
(47.50899, 19.17905)
(47.50902, 19.17922)
(47.50906, 19.17939)
(47.50909, 19.17957)
(47.50912, 19.17974)
(47.50915, 19.17991)
(47.50918, 19.18009)
(47.50921, 19.18026)
(47.50924, 19.18043)
(47.50927, 19.1806)
(47.5093, 19.18077)
(47.50933, 19.18095)
(47.50936, 19.18112)
(47.50939, 19.18129)
(47.50942, 19.18146)
(47.50945, 19.18163)
(47.50948, 19.1818)
(47.50951, 19.18198)
(47.50954, 19.18215)
(47.50957, 19.18232)
(47.5096, 19.18249)
(47.50963, 19.18266)
(47.50966, 19.18283)
(47.50969, 19.18301)
(47.50972, 19.18318)
(47.50975, 19.18335)
(47.50978, 19.18352)
(47.50982, 19.18369)
(47.50985, 19.18386)
(47.50988, 19.18403)
(47.50991, 19.1842)
(47.50994, 19.18437)
(47.50997, 19.18454)
(47.51, 19.18472)
(47.51003, 19.18489)
(47.51006, 19.18506)
(47.51009, 19.18523)
(47.51012, 19.1854)
(47.51015, 19.18557)
(47.51018, 19.18574)
(47.51021, 19.18592)
(47.51024, 19.18609)
(47.51027, 19.18626)
(47.5103, 19.18643)
(47.51033, 19.1866)
(47.51036, 19.18677)
(47.51039, 19.18695)
(47.51042, 19.18712)
(47.51045, 19.18729)
(47.5105, 19.18755)
(47.51053, 19.18772)
(47.51056, 19.1879)
(47.51059, 19.18807)
(47.51062, 19.18825)
(47.51065, 19.18842)
(47.51068, 19.1886)
(47.51071, 19.18877)
(47.51075, 19.18895)
(47.51078, 19.18913)
(47.51081, 19.18931)
(47.51084, 19.1895)
(47.51089, 19.18978)
(47.51093, 19.18997)
(47.51096, 19.19016)
(47.51099, 19.19034)
(47.51102, 19.19053)
(47.51106, 19.19071)
(47.51109, 19.19091)
(47.51113, 19.19111)
(47.51117, 19.19133)
(47.5112, 19.19153)
(47.51124, 19.19174)
(47.51128, 19.19194)
(47.51131, 19.19213)
(47.51135, 19.19232)
(47.51139, 19.1925)
(47.51143, 19.19268)
(47.51147, 19.19285)
(47.51152, 19.19301)
(47.51157, 19.19318)
(47.51161, 19.19334)
(47.51166, 19.1935)
(47.51171, 19.19366)
(47.51176, 19.19381)
(47.5118, 19.19397)
(47.51184, 19.19409)
(47.51185, 19.19413)
(47.5119, 19.19428)
(47.51194, 19.19443)
(47.51199, 19.19458)
(47.51203, 19.19473)
(47.51208, 19.19488)
(47.51212, 19.19502)
(47.51217, 19.19517)
(47.51221, 19.19531)
(47.51225, 19.19545)
(47.5123, 19.19559)
(47.51233, 19.19571)
(47.51238, 19.19585)
(47.51242, 19.196)
(47.51246, 19.19613)
(47.51251, 19.19628)
(47.51254, 19.19641)
(47.51259, 19.19655)
(47.51264, 19.19671)
(47.51269, 19.19689)
(47.51274, 19.19707)
(47.5128, 19.19724)
(47.51285, 19.19742)
(47.5129, 19.1976)
(47.51296, 19.19777)
(47.51301, 19.19794)
(47.51306, 19.19812)
(47.51312, 19.19829)
(47.51317, 19.19846)
(47.51322, 19.19864)
(47.51328, 19.19881)
(47.51333, 19.19897)
(47.51338, 19.19915)
(47.51344, 19.19931)
(47.51349, 19.19948)
(47.51353, 19.19961)
(47.51354, 19.19965)
(47.51359, 19.19982)
(47.51365, 19.19998)
(47.5137, 19.20015)
(47.51374, 19.2003)
(47.51379, 19.20045)
(47.51384, 19.20059)
(47.51388, 19.20073)
(47.51392, 19.20087)
(47.51396, 19.201)
(47.514, 19.20113)
(47.51404, 19.20126)
(47.51408, 19.2014)
(47.51413, 19.20154)
(47.51417, 19.20169)
(47.5144, 19.20242)
(47.51446, 19.2026)
(47.51451, 19.20278)
(47.51457, 19.20296)
(47.51463, 19.20315)
(47.51468, 19.20333)
(47.51474, 19.20351)
(47.51479, 19.20369)
(47.51485, 19.20387)
(47.51491, 19.20405)
(47.51496, 19.20423)
(47.51502, 19.20442)
(47.51507, 19.20459)
(47.51513, 19.20477)
(47.51518, 19.20495)
(47.51524, 19.20512)
(47.51529, 19.2053)
(47.51534, 19.20547)
(47.5154, 19.20564)
(47.51545, 19.20581)
(47.5155, 19.20598)
(47.51556, 19.20615)
(47.51561, 19.20633)
(47.51566, 19.2065)
(47.51572, 19.20667)
(47.51577, 19.20684)
(47.51582, 19.207)
(47.51586, 19.20715)
(47.51591, 19.20729)
(47.51595, 19.20742)
(47.51595, 19.20743)
(47.51599, 19.20756)
(47.51603, 19.20769)
(47.51608, 19.20783)
(47.51612, 19.20797)
(47.51616, 19.20812)
(47.51621, 19.20827)
(47.51626, 19.20842)
(47.51631, 19.20858)
(47.51636, 19.20874)
(47.51641, 19.2089)
(47.51646, 19.20907)
(47.51651, 19.20923)
(47.51656, 19.20939)
(47.51661, 19.20956)
(47.51666, 19.20971)
(47.51671, 19.20987)
(47.51675, 19.21003)
(47.5168, 19.21019)
(47.51685, 19.21034)
(47.5169, 19.2105)
(47.51695, 19.21065)
(47.517, 19.21081)
(47.51704, 19.21096)
(47.51709, 19.21111)
(47.51714, 19.21127)
(47.51719, 19.21143)
(47.51724, 19.21159)
(47.51729, 19.21175)
(47.51734, 19.21191)
(47.51739, 19.21208)
(47.51744, 19.21224)
(47.51749, 19.21241)
(47.51755, 19.21259)
(47.5176, 19.21277)
(47.51766, 19.21294)
(47.51771, 19.21312)
(47.51777, 19.2133)
(47.51782, 19.21349)
(47.51788, 19.21367)
(47.51794, 19.21385)
(47.51799, 19.21403)
(47.51805, 19.21421)
(47.51812, 19.21437)
(47.51818, 19.21453)
(47.51824, 19.21468)
(47.51831, 19.21482)
(47.51837, 19.21497)
(47.51843, 19.21512)
(47.5185, 19.21527)
(47.51856, 19.21542)
(47.51863, 19.21557)
(47.51869, 19.21572)
(47.51876, 19.21587)
(47.51882, 19.21603)
(47.51889, 19.21618)
(47.51895, 19.21633)
(47.51902, 19.21648)
(47.51908, 19.21664)
(47.51915, 19.21679)
(47.51921, 19.21694)
(47.51928, 19.2171)
(47.51935, 19.21725)
(47.51941, 19.21741)
(47.51943, 19.21745)
(47.51948, 19.21756)
(47.51954, 19.2177)
(47.51959, 19.21783)
(47.51964, 19.21794)
(47.51971, 19.2181)
(47.51977, 19.21825)
(47.51984, 19.2184)
(47.5199, 19.21854)
(47.51996, 19.21869)
(47.52001, 19.21881)
(47.52007, 19.21893)
(47.52012, 19.21907)
(47.52019, 19.21922)
(47.52025, 19.21937)
(47.52032, 19.21952)
(47.52038, 19.21967)
(47.52045, 19.21981)
(47.52052, 19.21994)
(47.52059, 19.22007)
(47.52066, 19.22019)
(47.52074, 19.22031)
(47.52081, 19.22044)
(47.52089, 19.22056)
(47.52097, 19.22069)
(47.52105, 19.22083)
(47.52112, 19.22096)
(47.52121, 19.22109)
(47.52129, 19.22122)
(47.52137, 19.22136)
(47.52145, 19.2215)
(47.52153, 19.22163)
(47.52161, 19.22177)
(47.52169, 19.2219)
(47.52178, 19.22204)
(47.52186, 19.22217)
(47.52194, 19.22231)
(47.52202, 19.22244)
(47.5221, 19.22257)
(47.52218, 19.22271)
(47.52226, 19.22284)
(47.52234, 19.22296)
(47.52242, 19.22309)
(47.5225, 19.22321)
(47.52257, 19.22333)
(47.52265, 19.22345)
(47.52273, 19.22357)
(47.5228, 19.22368)
(47.52288, 19.2238)
(47.52296, 19.22392)
(47.52304, 19.22403)
(47.52312, 19.22415)
(47.5232, 19.22426)
(47.52327, 19.22438)
(47.52335, 19.2245)
(47.52343, 19.22461)
(47.52351, 19.22473)
(47.52359, 19.22485)
(47.52367, 19.22497)
(47.52376, 19.2251)
(47.52384, 19.22523)
(47.52393, 19.22535)
(47.52401, 19.22547)
(47.52408, 19.22558)
(47.52416, 19.22569)
(47.52423, 19.2258)
(47.5243, 19.22591)
(47.52438, 19.22602)
(47.52445, 19.22613)
(47.52453, 19.22625)
(47.52461, 19.22637)
(47.52474, 19.22656)
(47.52483, 19.22669)
(47.52491, 19.22682)
(47.52512, 19.22715)
(47.52521, 19.22727)
(47.52529, 19.2274)
(47.52537, 19.22752)
(47.52544, 19.22763)
(47.52552, 19.22775)
(47.52559, 19.22786)
(47.52566, 19.22797)
(47.52573, 19.22808)
(47.5258, 19.22819)
(47.52588, 19.2283)
(47.52595, 19.22842)
(47.52603, 19.22854)
(47.52611, 19.22867)
(47.52619, 19.22879)
(47.52627, 19.22891)
(47.52635, 19.22902)
(47.52642, 19.22914)
(47.52649, 19.22925)
(47.52657, 19.22936)
(47.52664, 19.22947)
(47.52671, 19.22959)
(47.52673, 19.22961)
(47.52679, 19.2297)
(47.52687, 19.22982)
(47.52694, 19.22994)
(47.52702, 19.23006)
(47.5271, 19.23018)
(47.52718, 19.23031)
(47.52727, 19.23044)
(47.52735, 19.23056)
(47.52743, 19.23069)
(47.52752, 19.23082)
(47.5276, 19.23096)
(47.52769, 19.23109)
(47.52777, 19.23122)
(47.52786, 19.23135)
(47.52795, 19.23148)
(47.52803, 19.23161)
(47.52812, 19.23174)
(47.5282, 19.23188)
(47.52829, 19.23201)
(47.52837, 19.23214)
(47.52846, 19.23227)
(47.52854, 19.23241)
(47.52863, 19.23254)
(47.52871, 19.23267)
(47.52879, 19.2328)
(47.52888, 19.23293)
(47.52896, 19.23306)
(47.52905, 19.23319)
(47.52913, 19.23332)
(47.52921, 19.23345)
(47.5293, 19.23358)
(47.52938, 19.23372)
(47.52946, 19.23385)
(47.52955, 19.23398)
(47.52963, 19.23411)
(47.52971, 19.23424)
(47.5298, 19.23437)
(47.52988, 19.2345)
(47.52997, 19.23463)
(47.53005, 19.23476)
(47.53013, 19.2349)
(47.53022, 19.23502)
(47.5303, 19.23516)
(47.53038, 19.23529)
(47.53047, 19.23542)
(47.53055, 19.23554)
(47.53063, 19.23567)
(47.53071, 19.2358)
(47.53079, 19.23593)
(47.53087, 19.23605)
(47.53103, 19.2363)
(47.5311, 19.23642)
(47.53117, 19.23654)
(47.53125, 19.23666)
(47.53133, 19.23679)
(47.53141, 19.23693)
(47.53149, 19.23706)
(47.53157, 19.23719)
(47.53166, 19.23733)
(47.53174, 19.23746)
(47.53182, 19.2376)
(47.5319, 19.23773)
(47.53198, 19.23786)
(47.53206, 19.238)
(47.53214, 19.23813)
(47.53222, 19.23826)
(47.5323, 19.23839)
(47.53239, 19.23852)
(47.53247, 19.23865)
(47.53255, 19.23877)
(47.53263, 19.2389)
(47.53272, 19.23902)
(47.5328, 19.23914)
(47.53288, 19.23926)
(47.53297, 19.23939)
(47.53305, 19.23951)
(47.53314, 19.23964)
(47.53323, 19.23976)
(47.53323, 19.23976)
(47.53331, 19.23988)
(47.5334, 19.24001)
(47.53348, 19.24013)
(47.53356, 19.24025)
(47.53365, 19.24038)
(47.53374, 19.2405)
(47.53383, 19.24063)
(47.53392, 19.24076)
(47.53401, 19.2409)
(47.5341, 19.24104)
(47.5342, 19.24118)
(47.5343, 19.24132)
(47.5344, 19.24147)
(47.53449, 19.24161)
(47.53459, 19.24174)
(47.53468, 19.24188)
(47.53477, 19.24201)
(47.53486, 19.24214)
(47.53494, 19.24227)
(47.53502, 19.2424)
(47.5351, 19.24252)
(47.53517, 19.24265)
(47.53525, 19.24277)
(47.53532, 19.24289)
(47.5354, 19.24302)
(47.53548, 19.24315)
(47.53556, 19.2433)
(47.53565, 19.24345)
(47.53574, 19.24359)
(47.53582, 19.24374)
(47.53591, 19.24388)
(47.53599, 19.24402)
(47.53607, 19.24415)
(47.53615, 19.24429)
(47.53623, 19.24442)
(47.53631, 19.24454)
(47.53638, 19.24467)
(47.53645, 19.24479)
(47.53653, 19.24491)
(47.5366, 19.24503)
(47.53667, 19.24515)
(47.53675, 19.24528)
(47.53683, 19.24542)
(47.53692, 19.24557)
(47.53701, 19.24572)
(47.5371, 19.24587)
(47.53719, 19.24602)
(47.53728, 19.24617)
(47.53737, 19.24631)
(47.53745, 19.24646)
(47.53754, 19.2466)
(47.53762, 19.24675)
(47.53771, 19.24689)
(47.5378, 19.24703)
(47.53788, 19.24717)
(47.53796, 19.24731)
(47.53805, 19.24745)
(47.53893, 19.24888)
(47.53896, 19.24893)
(47.53901, 19.24901)
(47.5391, 19.24914)
(47.53918, 19.24928)
(47.53926, 19.24941)
(47.53934, 19.24954)
(47.53943, 19.24967)
(47.53951, 19.2498)
(47.53959, 19.24993)
(47.53967, 19.25006)
(47.53975, 19.25019)
(47.53984, 19.25032)
(47.53992, 19.25045)
(47.54, 19.25058)
(47.54008, 19.25071)
(47.54016, 19.25084)
(47.54024, 19.25097)
(47.54032, 19.2511)
(47.5404, 19.25122)
(47.54048, 19.25134)
(47.54055, 19.25147)
(47.54063, 19.25159)
(47.54071, 19.25171)
(47.54079, 19.25184)
(47.54087, 19.25196)
(47.54094, 19.25209)
(47.54102, 19.25221)
(47.5411, 19.25234)
(47.54118, 19.25247)
(47.54127, 19.2526)
(47.54135, 19.25273)
(47.54143, 19.25287)
(47.54151, 19.253)
(47.54159, 19.25314)
(47.54168, 19.25328)
(47.54176, 19.25341)
(47.54184, 19.25354)
(47.54192, 19.25367)
(47.542, 19.2538)
(47.54207, 19.25393)
(47.54215, 19.25406)
(47.54223, 19.25419)
(47.54231, 19.25432)
(47.5424, 19.25446)
(47.54248, 19.2546)
(47.54256, 19.25473)
(47.54265, 19.25487)
(47.54273, 19.255)
(47.54281, 19.25512)
(47.54289, 19.25525)
(47.54297, 19.25537)
(47.54305, 19.25549)
(47.54313, 19.25562)
(47.54321, 19.25575)
(47.5433, 19.25588)
(47.54338, 19.25602)
(47.54347, 19.25615)
(47.54355, 19.25628)
(47.54364, 19.25641)
(47.54372, 19.25654)
(47.5438, 19.25666)
(47.54388, 19.25679)
(47.54396, 19.25692)
(47.54405, 19.25705)
(47.54413, 19.25718)
(47.54421, 19.25731)
(47.5443, 19.25744)
(47.54438, 19.25757)
(47.54446, 19.2577)
(47.54454, 19.25783)
(47.54463, 19.25797)
(47.54472, 19.2581)
(47.54481, 19.25824)
(47.54489, 19.25837)
(47.54497, 19.25851)
(47.54506, 19.25864)
(47.54514, 19.25878)
(47.54523, 19.25893)
(47.54532, 19.25907)
(47.54541, 19.25921)
(47.5455, 19.25936)
(47.54559, 19.2595)
(47.54567, 19.25964)
(47.54576, 19.25978)
(47.54583, 19.2599)
(47.54594, 19.26006)
(47.54603, 19.26021)
(47.54611, 19.26035)
(47.5462, 19.26049)
(47.54629, 19.26062)
(47.54637, 19.26076)
(47.54646, 19.26091)
(47.54655, 19.26105)
(47.54664, 19.26119)
(47.54673, 19.26133)
(47.54681, 19.26147)
(47.5469, 19.26161)
(47.54699, 19.26175)
(47.54707, 19.26189)
(47.54716, 19.26203)
(47.54725, 19.26217)
(47.54733, 19.2623)
(47.54742, 19.26244)
(47.54755, 19.26265)
(47.54763, 19.26278)
(47.54771, 19.26292)
(47.5478, 19.26305)
(47.54788, 19.26319)
(47.54801, 19.2634)
(47.54809, 19.26354)
(47.54818, 19.26368)
(47.54827, 19.26383)
(47.54836, 19.26397)
(47.54844, 19.2641)
(47.54846, 19.26413)
(47.54851, 19.26423)
(47.54858, 19.26434)
(47.54866, 19.26447)
(47.54874, 19.2646)
(47.5488, 19.26471)
(47.54887, 19.26481)
(47.54894, 19.26493)
(47.549, 19.26504)
(47.54908, 19.26515)
(47.54915, 19.26528)
(47.54924, 19.26542)
(47.5493, 19.26552)
(47.54936, 19.26562)
(47.54943, 19.26573)
(47.5495, 19.26584)
(47.54958, 19.26595)
(47.54965, 19.26606)
(47.54973, 19.26616)
(47.54981, 19.26626)
(47.54989, 19.26636)
(47.54998, 19.26645)
(47.55006, 19.26654)
(47.55015, 19.26664)
(47.55024, 19.26674)
(47.55034, 19.26685)
(47.55044, 19.26696)
(47.55055, 19.26708)
(47.55065, 19.2672)
(47.55076, 19.26732)
(47.55086, 19.26744)
(47.55096, 19.26756)
(47.55105, 19.26769)
(47.55114, 19.26781)
(47.55123, 19.26794)
(47.55132, 19.26807)
(47.5514, 19.2682)
(47.55148, 19.26833)
(47.55156, 19.26845)
(47.55164, 19.26858)
(47.55172, 19.26871)
(47.55179, 19.26884)
(47.55187, 19.26896)
(47.55195, 19.26909)
(47.55203, 19.26922)
(47.55211, 19.26935)
(47.55219, 19.26949)
(47.55228, 19.26962)
(47.55236, 19.26976)
(47.55245, 19.2699)
(47.55253, 19.27004)
(47.55261, 19.27017)
(47.55269, 19.2703)
(47.55277, 19.27043)
(47.55285, 19.27056)
(47.55294, 19.27069)
(47.55302, 19.27083)
(47.55309, 19.27094)
(47.5531, 19.27096)
(47.55319, 19.27111)
(47.55328, 19.27124)
(47.55336, 19.27138)
(47.55344, 19.27151)
(47.55351, 19.27163)
(47.55359, 19.27175)
(47.55365, 19.27186)
(47.55372, 19.27196)
(47.5538, 19.2721)
(47.55386, 19.2722)
(47.55393, 19.27231)
(47.554, 19.27242)
(47.55407, 19.27254)
(47.55415, 19.27266)
(47.55422, 19.27278)
(47.5543, 19.2729)
(47.55437, 19.27303)
(47.55445, 19.27315)
(47.55452, 19.27328)
(47.5546, 19.2734)
(47.55468, 19.27353)
(47.55476, 19.27366)
(47.55484, 19.27378)
(47.55492, 19.27391)
(47.555, 19.27404)
(47.55508, 19.27418)
(47.55517, 19.27431)
(47.55526, 19.27444)
(47.55536, 19.27457)
(47.55546, 19.27469)
(47.55556, 19.27481)
(47.55566, 19.27492)
(47.55577, 19.27502)
(47.55587, 19.27512)
(47.55598, 19.27521)
(47.55609, 19.2753)
(47.55621, 19.27539)
(47.55633, 19.27547)
(47.55646, 19.27555)
(47.5566, 19.27562)
(47.55674, 19.27568)
(47.55687, 19.27573)
(47.55701, 19.27578)
(47.55714, 19.27581)
(47.55728, 19.27584)
(47.55741, 19.27586)
(47.55754, 19.27588)
(47.55796, 19.27588)
(47.55818, 19.27585)
(47.55826, 19.27583)
(47.55835, 19.27581)
(47.55848, 19.27578)
(47.55863, 19.27573)
(47.55876, 19.27567)
(47.55911, 19.2755)
(47.55921, 19.27545)
(47.55946, 19.27531)
(47.56041, 19.2748)
(47.56096, 19.2745)
(47.56118, 19.27438)
(47.56142, 19.27426)
(47.56181, 19.27411)
(47.562, 19.27404)
(47.56214, 19.27399)
(47.56227, 19.27395)
(47.56245, 19.2739)
(47.56262, 19.27386)
(47.56276, 19.27383)
(47.563, 19.27378)
(47.56332, 19.27371)
(47.56347, 19.27368)
(47.56359, 19.27365)
(47.5637, 19.27363)
(47.56382, 19.2736)
(47.56394, 19.27358)
(47.56406, 19.27355)
(47.56418, 19.27353)
(47.56429, 19.2735)
(47.56441, 19.27348)
(47.56454, 19.27345)
(47.56466, 19.27343)
(47.56478, 19.2734)
(47.56491, 19.27338)
(47.56504, 19.27336)
(47.56517, 19.27334)
(47.56531, 19.27334)
(47.56544, 19.27333)
(47.56558, 19.27334)
(47.56572, 19.27335)
(47.56586, 19.27337)
(47.566, 19.27339)
(47.56614, 19.27342)
(47.56629, 19.27346)
(47.56644, 19.27351)
(47.56659, 19.27356)
(47.56674, 19.27363)
(47.56689, 19.2737)
(47.56704, 19.27378)
(47.56745, 19.27406)
(47.56765, 19.27421)
(47.56777, 19.27432)
(47.5679, 19.27444)
(47.56801, 19.27456)
(47.56813, 19.27468)
(47.56824, 19.27481)
(47.56834, 19.27493)
(47.56843, 19.27504)
(47.56845, 19.27506)
(47.56856, 19.27518)
(47.56867, 19.2753)
(47.56877, 19.27541)
(47.56888, 19.27552)
(47.56899, 19.27562)
(47.5691, 19.27571)
(47.56921, 19.2758)
(47.56932, 19.27588)
(47.56943, 19.27595)
(47.56954, 19.27602)
(47.56965, 19.27608)
(47.56977, 19.27614)
(47.56989, 19.27619)
(47.57, 19.27623)
(47.57012, 19.27627)
(47.57024, 19.2763)
(47.57036, 19.27633)
(47.57048, 19.27635)
(47.5706, 19.27637)
(47.57075, 19.27638)
(47.57121, 19.27635)
(47.57133, 19.27633)
(47.57144, 19.2763)
(47.57156, 19.27627)
(47.57168, 19.27624)
(47.5718, 19.27619)
(47.57191, 19.27615)
(47.57203, 19.2761)
(47.57215, 19.27605)
(47.57227, 19.276)
(47.57239, 19.27596)
(47.5725, 19.27591)
(47.57262, 19.27586)
(47.57274, 19.27581)
(47.57286, 19.27576)
(47.57298, 19.27571)
(47.57309, 19.27566)
(47.57321, 19.27562)
(47.57333, 19.27557)
(47.57345, 19.27552)
(47.57357, 19.27547)
(47.57369, 19.27543)
(47.57382, 19.27539)
(47.57409, 19.2753)
(47.5742, 19.27527)
(47.57431, 19.27525)
(47.57442, 19.27523)
(47.57454, 19.27521)
(47.57517, 19.27515)
(47.5753, 19.27514)
(47.57543, 19.27514)
(47.57557, 19.27514)
(47.57571, 19.27515)
(47.57584, 19.27516)
(47.57598, 19.27517)
(47.57612, 19.27518)
(47.57626, 19.27519)
(47.5764, 19.2752)
(47.57654, 19.27522)
(47.57668, 19.27523)
(47.57682, 19.27524)
(47.57697, 19.27525)
(47.57712, 19.27526)
(47.57726, 19.27527)
(47.57742, 19.27529)
(47.57757, 19.2753)
(47.57772, 19.27531)
(47.57786, 19.27532)
(47.578, 19.27533)
(47.57814, 19.27534)
(47.57827, 19.27535)
(47.5784, 19.27536)
(47.57853, 19.27537)
(47.57865, 19.27538)
(47.57877, 19.27539)
(47.57888, 19.2754)
(47.57899, 19.27541)
(47.57911, 19.27542)
(47.57924, 19.27543)
(47.57936, 19.27544)
(47.57948, 19.27545)
(47.5796, 19.27546)
(47.57973, 19.27547)
(47.57985, 19.27548)
(47.57997, 19.27549)
(47.58065, 19.27554)
(47.58077, 19.27555)
(47.58221, 19.27567)
(47.58234, 19.27568)
(47.58247, 19.27569)
(47.58259, 19.2757)
(47.58272, 19.27571)
(47.58285, 19.27572)
(47.58297, 19.27573)
(47.5831, 19.27574)
(47.58323, 19.27575)
(47.58335, 19.27576)
(47.58348, 19.27577)
(47.58361, 19.27578)
(47.58373, 19.27579)
(47.58386, 19.2758)
(47.58399, 19.27581)
(47.58412, 19.27582)
(47.58424, 19.27583)
(47.58437, 19.27584)
(47.5845, 19.27585)
(47.58463, 19.27586)
(47.58494, 19.27589)
(47.58507, 19.2759)
(47.5852, 19.27591)
(47.58533, 19.27592)
(47.58545, 19.27593)
(47.58558, 19.27594)
(47.58571, 19.27595)
(47.58596, 19.27597)
(47.58615, 19.27599)
(47.58635, 19.276)
(47.58647, 19.27601)
(47.5866, 19.27602)
(47.58673, 19.27603)
(47.58692, 19.27605)
(47.58704, 19.27606)
(47.58717, 19.27607)
(47.58736, 19.27608)
(47.58748, 19.27609)
(47.58761, 19.2761)
(47.58774, 19.27611)
(47.58792, 19.27612)
(47.58805, 19.27612)
(47.58817, 19.27611)
(47.5883, 19.27611)
(47.58842, 19.27609)
(47.58854, 19.27608)
(47.58867, 19.27606)
(47.58879, 19.27604)
(47.58891, 19.27601)
(47.58904, 19.27598)
(47.58916, 19.27595)
(47.58928, 19.27592)
(47.5894, 19.27588)
(47.58952, 19.27583)
(47.58964, 19.27579)
(47.58976, 19.27574)
(47.58988, 19.27568)
(47.59, 19.27563)
(47.59011, 19.27556)
(47.59023, 19.2755)
(47.59035, 19.27543)
(47.59046, 19.27536)
(47.59058, 19.27529)
(47.59069, 19.27521)
(47.5908, 19.27513)
(47.59091, 19.27505)
(47.59102, 19.27496)
(47.59113, 19.27487)
(47.59124, 19.27478)
(47.59134, 19.27468)
(47.59145, 19.27458)
(47.59156, 19.27448)
(47.59166, 19.27437)
(47.59177, 19.27427)
(47.59187, 19.27416)
(47.59198, 19.27405)
(47.59209, 19.27395)
(47.5922, 19.27384)
(47.59231, 19.27373)
(47.59242, 19.27362)
(47.59252, 19.27352)
(47.59263, 19.27341)
(47.59273, 19.27331)
(47.59283, 19.27321)
(47.59294, 19.2731)
(47.59305, 19.273)
(47.59316, 19.27289)
(47.59327, 19.27277)
(47.59339, 19.27266)
(47.59352, 19.27254)
(47.59365, 19.27241)
(47.59377, 19.2723)
(47.5939, 19.2722)
(47.59403, 19.27212)
(47.59416, 19.27204)
(47.59428, 19.27198)
(47.59441, 19.27193)
(47.59454, 19.27188)
(47.59467, 19.27184)
(47.59486, 19.2718)
(47.59498, 19.27178)
(47.5951, 19.27176)
(47.59523, 19.27174)
(47.59535, 19.27171)
(47.59548, 19.27169)
(47.59561, 19.27167)
(47.59574, 19.27164)
(47.59586, 19.27162)
(47.59597, 19.27161)
(47.59607, 19.27161)
(47.5962, 19.27162)
(47.59631, 19.27164)
(47.59639, 19.27166)
(47.5965, 19.27169)
(47.59661, 19.27173)
(47.59673, 19.27178)
(47.59682, 19.27183)
(47.59692, 19.27189)
(47.59701, 19.27195)
(47.59711, 19.27202)
(47.5972, 19.2721)
(47.59729, 19.27218)
(47.59738, 19.27226)
(47.59748, 19.27235)
(47.59757, 19.27244)
(47.59766, 19.27253)
(47.59774, 19.27263)
(47.59783, 19.27273)
(47.59791, 19.27284)
(47.59799, 19.27295)
(47.59806, 19.27308)
(47.59814, 19.27321)
(47.59821, 19.27335)
(47.59828, 19.2735)
(47.59834, 19.27365)
(47.5984, 19.2738)
(47.59845, 19.27396)
(47.59849, 19.2741)
(47.59853, 19.27425)
(47.59856, 19.27442)
(47.59859, 19.27459)
(47.59862, 19.27477)
(47.59864, 19.27496)
(47.59866, 19.27515)
(47.59867, 19.27535)
(47.59867, 19.27554)
(47.59866, 19.27573)
(47.59865, 19.2759)
(47.59863, 19.27606)
(47.59861, 19.27623)
(47.59859, 19.27639)
(47.59856, 19.27655)
(47.59854, 19.27671)
(47.59851, 19.27688)
(47.59849, 19.27704)
(47.59846, 19.27721)
(47.59844, 19.27737)
(47.59841, 19.27753)
(47.59839, 19.27769)
(47.59836, 19.27786)
(47.59834, 19.27803)
(47.59831, 19.27821)
(47.59828, 19.2784)
(47.59826, 19.27859)
(47.59823, 19.27878)
(47.59821, 19.27897)
(47.59819, 19.27917)
(47.59817, 19.27936)
(47.59816, 19.27954)
(47.59814, 19.27973)
(47.59813, 19.27992)
(47.59812, 19.2801)
(47.59811, 19.28028)
(47.5981, 19.28046)
(47.5981, 19.28064)
(47.59809, 19.28082)
(47.59809, 19.281)
(47.59809, 19.28119)
(47.59809, 19.28138)
(47.5981, 19.28157)
(47.5981, 19.28175)
(47.59811, 19.28194)
(47.59812, 19.28212)
(47.59813, 19.2823)
(47.59814, 19.28248)
(47.59815, 19.28265)
(47.59816, 19.28283)
(47.59816, 19.28299)
(47.59817, 19.28316)
(47.59818, 19.28333)
(47.59818, 19.28351)
(47.59818, 19.28369)
(47.59818, 19.28387)
(47.59818, 19.28406)
(47.59818, 19.28425)
(47.59818, 19.28444)
(47.59817, 19.28462)
(47.59816, 19.2848)
(47.59815, 19.28498)
(47.59814, 19.28516)
(47.59813, 19.28533)
(47.59812, 19.2855)
(47.5981, 19.28567)
(47.59809, 19.28584)
(47.59807, 19.28602)
(47.59805, 19.2862)
(47.59802, 19.28639)
(47.598, 19.28657)
(47.59797, 19.28676)
(47.59794, 19.28694)
(47.59791, 19.28711)
(47.59788, 19.28729)
(47.59785, 19.28746)
(47.59782, 19.28763)
(47.59778, 19.2878)
(47.59775, 19.28797)
(47.59771, 19.28815)
(47.59768, 19.28833)
(47.59764, 19.28851)
(47.59761, 19.28869)
(47.59757, 19.28886)
(47.59754, 19.28903)
(47.59751, 19.2892)
(47.59747, 19.28937)
(47.59744, 19.28953)
(47.59741, 19.28971)
(47.59737, 19.28989)
(47.59734, 19.29006)
(47.5973, 19.29025)
(47.59727, 19.29043)
(47.59724, 19.29057)
(47.59723, 19.29062)
(47.59719, 19.2908)
(47.59716, 19.29097)
(47.59712, 19.29114)
(47.59709, 19.29131)
(47.59706, 19.29148)
(47.59703, 19.29164)
(47.597, 19.2918)
(47.59696, 19.29197)
(47.59693, 19.29214)
(47.5969, 19.29231)
(47.59686, 19.29249)
(47.59683, 19.29266)
(47.59679, 19.29285)
(47.59675, 19.29303)
(47.59672, 19.2932)
(47.59669, 19.29338)
(47.59665, 19.29355)
(47.59662, 19.29372)
(47.59659, 19.29389)
(47.59655, 19.29406)
(47.59652, 19.29423)
(47.59648, 19.29441)
(47.59645, 19.29458)
(47.59641, 19.29476)
(47.59638, 19.29494)
(47.59634, 19.29512)
(47.59631, 19.29531)
(47.59627, 19.29549)
(47.59623, 19.29567)
(47.5962, 19.29585)
(47.59616, 19.29602)
(47.59613, 19.2962)
(47.5961, 19.29637)
(47.59606, 19.29654)
(47.59603, 19.29672)
(47.59599, 19.29689)
(47.59596, 19.29707)
(47.59592, 19.29725)
(47.59589, 19.29743)
(47.59585, 19.29762)
(47.59581, 19.2978)
(47.59578, 19.29799)
(47.59574, 19.29817)
(47.5957, 19.29835)
(47.59567, 19.29852)
(47.59563, 19.29869)
(47.5956, 19.29886)
(47.59556, 19.29904)
(47.59551, 19.29921)
(47.59547, 19.29938)
(47.59542, 19.29956)
(47.59536, 19.29973)
(47.59531, 19.2999)
(47.59525, 19.30008)
(47.59519, 19.30025)
(47.59513, 19.30041)
(47.59507, 19.30057)
(47.59501, 19.30073)
(47.59495, 19.30088)
(47.59488, 19.30102)
(47.59482, 19.30117)
(47.59475, 19.30132)
(47.59468, 19.30146)
(47.5946, 19.30161)
(47.59452, 19.30176)
(47.59445, 19.30191)
(47.59437, 19.30205)
(47.59429, 19.30219)
(47.59422, 19.30233)
(47.59411, 19.30254)
(47.59403, 19.30268)
(47.59395, 19.30282)
(47.59388, 19.30297)
(47.5938, 19.30311)
(47.59372, 19.30326)
(47.59364, 19.30341)
(47.59356, 19.30355)
(47.59348, 19.3037)
(47.5934, 19.30385)
(47.59332, 19.304)
(47.59324, 19.30415)
(47.59316, 19.30429)
(47.59308, 19.30444)
(47.59301, 19.30458)
(47.59293, 19.30472)
(47.59285, 19.30487)
(47.59277, 19.30501)
(47.5927, 19.30516)
(47.59262, 19.30531)
(47.59253, 19.30546)
(47.59245, 19.30561)
(47.59237, 19.30576)
(47.59229, 19.30592)
(47.59221, 19.30607)
(47.59213, 19.30621)
(47.59205, 19.30636)
(47.59197, 19.3065)
(47.5919, 19.30664)
(47.59183, 19.30677)
(47.59175, 19.30691)
(47.59168, 19.30704)
(47.59161, 19.30717)
(47.59154, 19.3073)
(47.59147, 19.30743)
(47.5914, 19.30757)
(47.59133, 19.30771)
(47.59125, 19.30785)
(47.59117, 19.308)
(47.5911, 19.30815)
(47.59103, 19.30831)
(47.59096, 19.30846)
(47.59089, 19.30861)
(47.59083, 19.30877)
(47.59077, 19.30892)
(47.59072, 19.30907)
(47.59066, 19.30923)
(47.59061, 19.30938)
(47.59056, 19.30953)
(47.59052, 19.30969)
(47.59047, 19.30986)
(47.59043, 19.31003)
(47.59038, 19.3102)
(47.59035, 19.31037)
(47.59031, 19.31055)
(47.59028, 19.31072)
(47.59025, 19.31089)
(47.59022, 19.31106)
(47.5902, 19.31124)
(47.59017, 19.31142)
(47.59015, 19.31161)
(47.59013, 19.3118)
(47.59012, 19.312)
(47.59011, 19.31219)
(47.5901, 19.31238)
(47.59009, 19.31258)
(47.59009, 19.31277)
(47.59009, 19.31297)
(47.5901, 19.31316)
(47.5901, 19.31335)
(47.59011, 19.31355)
(47.59013, 19.31374)
(47.59014, 19.31392)
(47.59016, 19.31411)
(47.59018, 19.31429)
(47.59021, 19.31447)
(47.59023, 19.31464)
(47.59026, 19.31482)
(47.59029, 19.31498)
(47.59032, 19.31515)
(47.59035, 19.31531)
(47.59039, 19.31547)
(47.59042, 19.31564)
(47.59045, 19.3158)
(47.59048, 19.31596)
(47.59052, 19.31613)
(47.59055, 19.3163)
(47.59059, 19.31647)
(47.59062, 19.31664)
(47.59065, 19.31682)
(47.59069, 19.31699)
(47.59072, 19.31717)
(47.59076, 19.31734)
(47.59079, 19.31752)
(47.59083, 19.31769)
(47.59086, 19.31787)
(47.5909, 19.31805)
(47.59093, 19.31823)
(47.59097, 19.3184)
(47.591, 19.31858)
(47.59104, 19.31875)
(47.59107, 19.31892)
(47.59111, 19.31909)
(47.59114, 19.31926)
(47.59118, 19.31944)
(47.59121, 19.31961)
(47.59125, 19.31979)
(47.59128, 19.31997)
(47.59132, 19.32015)
(47.59135, 19.32032)
(47.59139, 19.3205)
(47.59142, 19.32066)
(47.59145, 19.32083)
(47.59149, 19.321)
(47.59152, 19.32116)
(47.59155, 19.32134)
(47.59159, 19.32151)
(47.59162, 19.32168)
(47.59166, 19.32185)
(47.59169, 19.32203)
(47.59173, 19.3222)
(47.59176, 19.32238)
(47.5918, 19.32256)
(47.59183, 19.32273)
(47.59187, 19.32291)
(47.5919, 19.32309)
(47.59193, 19.32325)
(47.59197, 19.32342)
(47.592, 19.32358)
(47.59203, 19.32375)
(47.59207, 19.32392)
(47.5921, 19.32409)
(47.59213, 19.32426)
(47.59217, 19.32443)
(47.5922, 19.3246)
(47.59224, 19.32478)
(47.59227, 19.32495)
(47.59231, 19.32513)
(47.59234, 19.32531)
(47.59238, 19.32549)
(47.59241, 19.32567)
(47.59245, 19.32585)
(47.59249, 19.32604)
(47.59252, 19.32623)
(47.59255, 19.32642)
(47.59258, 19.32661)
(47.59262, 19.32679)
(47.59265, 19.32697)
(47.59267, 19.32715)
(47.5927, 19.32732)
(47.59273, 19.3275)
(47.59276, 19.32768)
(47.5928, 19.32786)
(47.59283, 19.32805)
(47.59286, 19.32825)
(47.59289, 19.32845)
(47.59293, 19.32865)
(47.59296, 19.32884)
(47.59299, 19.32903)
(47.59302, 19.32922)
(47.59306, 19.32941)
(47.59309, 19.32961)
(47.59312, 19.32979)
(47.59315, 19.32998)
(47.59318, 19.33017)
(47.59322, 19.33036)
(47.59325, 19.33055)
(47.59328, 19.33074)
(47.59331, 19.33093)
(47.59334, 19.33112)
(47.59337, 19.33131)
(47.59341, 19.33149)
(47.59344, 19.33168)
(47.59347, 19.33187)
(47.5935, 19.33205)
(47.59353, 19.33224)
(47.59356, 19.33242)
(47.59359, 19.3326)
(47.59362, 19.33278)
(47.59365, 19.33296)
(47.59368, 19.33314)
(47.59371, 19.33332)
(47.59374, 19.33349)
(47.59377, 19.33366)
(47.5938, 19.33382)
(47.59383, 19.33398)
(47.59386, 19.33413)
(47.59389, 19.33426)
(47.59391, 19.3344)
(47.59394, 19.33454)
(47.59397, 19.33471)
(47.59401, 19.33488)
(47.59404, 19.33505)
(47.59407, 19.33522)
(47.5941, 19.33538)
(47.59413, 19.33554)
(47.59416, 19.33569)
(47.59419, 19.33584)
(47.59422, 19.33598)
(47.59425, 19.33612)
(47.59427, 19.33627)
(47.59485, 19.3396)
(47.59488, 19.33978)
(47.59491, 19.33995)
(47.59493, 19.34013)
(47.59496, 19.34032)
(47.59498, 19.34045)
(47.595, 19.34059)
(47.59502, 19.34071)
(47.59505, 19.34088)
(47.59507, 19.34104)
(47.59509, 19.34119)
(47.59512, 19.34136)
(47.59514, 19.34153)
(47.59517, 19.34171)
(47.5952, 19.34189)
(47.59522, 19.34206)
(47.59526, 19.34223)
(47.59529, 19.3424)
(47.59533, 19.34257)
(47.59537, 19.34274)
(47.59542, 19.3429)
(47.59547, 19.34306)
(47.59552, 19.34321)
(47.59557, 19.34337)
(47.59563, 19.34352)
(47.59569, 19.34367)
(47.59575, 19.34382)
(47.59581, 19.34397)
(47.59587, 19.34412)
(47.59593, 19.34427)
(47.59599, 19.34442)
(47.59605, 19.34457)
(47.59612, 19.34472)
(47.59618, 19.34487)
(47.59624, 19.34502)
(47.5963, 19.34517)
(47.59636, 19.34533)
(47.59643, 19.34548)
(47.59649, 19.34563)
(47.59655, 19.34579)
(47.59662, 19.34594)
(47.59668, 19.3461)
(47.59674, 19.34624)
(47.5968, 19.34639)
(47.59687, 19.34653)
(47.59693, 19.34666)
(47.59699, 19.34679)
(47.59706, 19.34692)
(47.59712, 19.34705)
(47.59719, 19.34717)
(47.59726, 19.3473)
(47.59733, 19.34742)
(47.5974, 19.34754)
(47.59747, 19.34767)
(47.59755, 19.34779)
(47.59763, 19.34792)
(47.59771, 19.34806)
(47.59779, 19.34819)
(47.59788, 19.34833)
(47.59796, 19.34847)
(47.59804, 19.34861)
(47.59812, 19.34874)
(47.59819, 19.34885)
(47.59826, 19.34896)
(47.59832, 19.34907)
(47.59839, 19.34918)
(47.59846, 19.34929)
(47.59852, 19.3494)
(47.59859, 19.34951)
(47.59866, 19.34962)
(47.59872, 19.34973)
(47.59879, 19.34983)
(47.59885, 19.34995)
(47.59892, 19.35006)
(47.59899, 19.35018)
(47.59906, 19.3503)
(47.59911, 19.35043)
(47.59915, 19.35057)
(47.59918, 19.35073)
(47.59921, 19.35089)
(47.59923, 19.35106)
(47.59926, 19.35123)
(47.59928, 19.35139)
(47.59931, 19.35156)
(47.59934, 19.35172)
(47.59937, 19.35189)
(47.5994, 19.35206)
(47.59943, 19.35222)
(47.59946, 19.35239)
(47.5995, 19.35255)
(47.59953, 19.35271)
(47.59957, 19.35289)
(47.59961, 19.35306)
(47.59964, 19.35322)
(47.59967, 19.35338)
(47.5997, 19.35353)
(47.59973, 19.35367)
(47.59976, 19.3538)
(47.59979, 19.35393)
(47.59982, 19.35406)
(47.59985, 19.3542)
(47.59988, 19.35434)
(47.59991, 19.35448)
(47.59994, 19.35463)
(47.59996, 19.35478)
(47.59996, 19.35494)
(47.59996, 19.35509)
(47.59994, 19.35523)
(47.59992, 19.35537)
(47.59988, 19.3555)
(47.59983, 19.35564)
(47.59977, 19.35576)
(47.5997, 19.35588)
(47.59963, 19.35598)
(47.59956, 19.35605)
(47.59945, 19.35614)
(47.59934, 19.35621)
(47.59923, 19.35626)
(47.59913, 19.3563)
(47.59901, 19.35635)
(47.59896, 19.35637)
(47.59873, 19.35647)
(47.5985, 19.35658)
(47.59799, 19.3568)
(47.59788, 19.35684)
(47.59781, 19.35687)
(47.59766, 19.35692)
(47.59744, 19.35697)
(47.59735, 19.35698)
(47.59721, 19.357)
(47.5971, 19.357)
(47.59695, 19.35699)
(47.59687, 19.35698)
(47.59679, 19.35697)
(47.5967, 19.35695)
(47.59653, 19.35692)
(47.59644, 19.35691)
(47.59632, 19.35689)
(47.59624, 19.35689)
(47.59611, 19.35689)
(47.59601, 19.35689)
(47.59589, 19.3569)
(47.59583, 19.35691)
(47.59574, 19.35693)
(47.59565, 19.35696)
(47.59554, 19.35699)
(47.59531, 19.35707)
(47.5946, 19.35731)
(47.59435, 19.35739)
(47.594, 19.35752)
(47.59379, 19.35759)